[data]
T_sd = 0.0, 1.0, 0.0, -0.5, 0.0, 0.0, -1.0, 0.1, -1.0, 0.0, 0.0, 0.1, 0.0, 0.0, 0.0, 1.0
thetas_0 = -0.7853981633974483, -0.7853981633974483, -0.7853981633974483, -0.7853981633974483, -0.7853981633974483, -0.7853981633974483
