{
 "cells": [
  {
   "cell_type": "code",
   "execution_count": 1,
   "metadata": {},
   "outputs": [],
   "source": [
    "import numpy as np\n",
    "from scipy.linalg import logm\n",
    "import csv\n",
    "import configparser\n",
    "import logging\n",
    "logger = logging.getLogger(__name__)\n",
    "logging.basicConfig(level=logging.INFO, format=\"%(message)s\",\n",
    "                    handlers=[logging.StreamHandler(), logging.FileHandler(\"log.txt\", \"w\")])\n",
    "\n",
    "from joint import RevoluteJoint\n",
    "from robot import Robot\n",
    "from utils import extract_screw_from_logm"
   ]
  },
  {
   "cell_type": "code",
   "execution_count": 2,
   "metadata": {},
   "outputs": [],
   "source": [
    "def get_UR5_robot():\n",
    "    \"\"\"\n",
    "    Screw axis S_1: [ 0.  0.  1. -0. -0. -0.]\n",
    "    Screw axis B_1: [ 0.     1.     0.     0.191 -0.     0.817]\n",
    "\n",
    "    Screw axis S_2: [ 0.     1.     0.    -0.089 -0.    -0.   ]\n",
    "    Screw axis B_2: [ 0.     0.     1.     0.095 -0.817 -0.   ]\n",
    "\n",
    "    Screw axis S_3: [ 0.     1.     0.    -0.089 -0.     0.425]\n",
    "    Screw axis B_3: [ 0.     0.     1.     0.095 -0.392 -0.   ]\n",
    "\n",
    "    Screw axis S_4: [ 0.     1.     0.    -0.089 -0.     0.817]\n",
    "    Screw axis B_4: [ 0.     0.     1.     0.095 -0.    -0.   ]\n",
    "\n",
    "    Screw axis S_5: [ 0.     0.    -1.    -0.109  0.817 -0.   ]\n",
    "    Screw axis B_5: [ 0.    -1.     0.    -0.082 -0.    -0.   ]\n",
    "\n",
    "    Screw axis S_6: [ 0.     1.     0.     0.006 -0.     0.817]\n",
    "    Screw axis B_6: [ 0.  0.  1.  0. -0. -0.]  \n",
    "    \"\"\"\n",
    "    \n",
    "    names = ['joint1','joint2','joint3', 'joint4', 'joint5', 'joint6']\n",
    "    W1 = 109/1000\n",
    "    W2 = 82/1000\n",
    "    L1 = 425/1000\n",
    "    L2 = 392/1000\n",
    "    H1 = 89/1000\n",
    "    H2 = 95/1000\n",
    "\n",
    "    joint1 = RevoluteJoint(name=names[0], position=np.array([0, 0, H1]), rotation_axis=np.array([0, 0, 1]))\n",
    "    joint2 = RevoluteJoint(name=names[1], position=np.array([0, W1, H1]), rotation_axis=np.array([0, 1, 0]))\n",
    "    joint3 = RevoluteJoint(name=names[2], position=np.array([L1, W1, H1]), rotation_axis=np.array([0, 1, 0]))\n",
    "    joint4 = RevoluteJoint(name=names[3], position=np.array([L1+L2, 0, H1]), rotation_axis=np.array([0, 1, 0]))\n",
    "    joint5 = RevoluteJoint(name=names[4], position=np.array([L1+L2, W1, H1]), rotation_axis=np.array([0, 0, -1]))\n",
    "    joint6 = RevoluteJoint(name=names[5], position=np.array([L1+L2, W1, H1-H2]), rotation_axis=np.array([0, 1, 0]))\n",
    "\n",
    "    base_position = np.array([0, 0, 0])\n",
    "    base_orientation = np.eye(3)\n",
    "\n",
    "    end_effector_position = np.array([L1+L2, W1+W2, H1-H2])\n",
    "    end_effector_orientation = np.array([[-1,0, 0],\n",
    "                                        [0,0, 1],\n",
    "                                        [0,1, 0]])\n",
    "\n",
    "    rb = Robot()\n",
    "    rb.register_joint(joint=joint1)\n",
    "    rb.register_joint(joint=joint2)\n",
    "    rb.register_joint(joint=joint3)\n",
    "    rb.register_joint(joint=joint4)\n",
    "    rb.register_joint(joint=joint5)\n",
    "    rb.register_joint(joint=joint6)\n",
    "\n",
    "    rb.base_frame.update_orientation(base_position)\n",
    "    rb.base_frame.update_orientation(base_orientation)\n",
    "    rb.end_effector_frame.update_position(end_effector_position)\n",
    "    rb.end_effector_frame.update_orientation(end_effector_orientation)\n",
    "    return rb"
   ]
  },
  {
   "cell_type": "code",
   "execution_count": 3,
   "metadata": {},
   "outputs": [],
   "source": [
    "def newton_raphson_inverse_kinematics(rb, thetas_0, T_sd, num_iters, lr_generator, epsilon=1e-6):\n",
    "    \"\"\"\n",
    "    Compute joint angles using the Newton-Raphson method.\n",
    "    \n",
    "    :param rb: Robot instance.\n",
    "    :param thetas_0: Initial joint angles.\n",
    "    :param T_sd: Desired SE(3) matrix.\n",
    "    :param num_iters: Maximum number of iterations for the Newton-Raphson method.\n",
    "    :param lr_generator: Generator for the learning rate.\n",
    "    :param epsilon: Convergence threshold.\n",
    "    \n",
    "    :return: History of joint angles over the iterations.\n",
    "    \"\"\"\n",
    "    \n",
    "    # Initialize current joint angles to the initial values\n",
    "    thetas = thetas_0\n",
    "    \n",
    "    # Get the names of the joints\n",
    "    names = rb.joint_names\n",
    "\n",
    "    # Start the list for recording joint angles history\n",
    "    thetas_history = [np.round(thetas,6)]\n",
    "    \n",
    "    # Start the Newton-Raphson method iterations\n",
    "    for i in range(num_iters):\n",
    "        # Log current iteration number\n",
    "        logger.info(f\"iteration {i+1}:\")\n",
    "        \n",
    "        # Convert the list of joint angles to a dictionary format for easier lookup\n",
    "        theta_dict = dict(zip(names, thetas))\n",
    "        \n",
    "        # Calculate the current SE(3) matrix\n",
    "        T_sb = rb.get_total_SE3(theta_dict, isSpace=True)\n",
    "        \n",
    "        # Calculate the error in SE(3) space\n",
    "        T_bd = np.matmul(np.linalg.inv(T_sb), T_sd)\n",
    "\n",
    "        # Compute the SE(3) logarithm of the error matrix\n",
    "        V_b_se3 = logm(T_bd)\n",
    "        \n",
    "        # Extract the screw motion (angular and linear velocity) from the SE(3) logarithm\n",
    "        w, v = extract_screw_from_logm(V_b_se3)\n",
    "        \n",
    "        # Combine angular and linear velocities into a single vector\n",
    "        V_b = np.hstack([w, v])\n",
    "\n",
    "        # Calculate the Jacobian in the base frame\n",
    "        J = rb.get_jacobian_base(theta_dict, isSpace=False)\n",
    "        \n",
    "        # Calculate the change in joint angles for this iteration\n",
    "        delta_theta = np.matmul(np.linalg.pinv(J), V_b)\n",
    "        error_theta = np.linalg.norm(delta_theta)\n",
    "\n",
    "        # Log the current end-effector configuration and error\n",
    "        logger.info(\"SE(3) end - effector config: \")\n",
    "        logger.info(np.round(T_bd,3))\n",
    "        logger.info(f\"error twist V_B: {np.round(V_b,3)}\")\n",
    "        \n",
    "        # Compute and log the magnitude of the angular and linear errors\n",
    "        error_omega_b = np.linalg.norm(V_b[:3])\n",
    "        error_v_b = np.linalg.norm(V_b[3:])\n",
    "        logger.info(f\"angular error magnitude [omega_b]: {np.round(error_omega_b,3)}\")\n",
    "        logger.info(f\"linear error magnitude [v_b]: {np.round(error_v_b, 3)}\")\n",
    "        \n",
    "        # Check for convergence of the algorithm\n",
    "        if (error_omega_b < epsilon) and (error_v_b < epsilon) and (error_theta < epsilon):\n",
    "            break\n",
    "\n",
    "        # Get the current learning rate\n",
    "        alpha = next(lr_generator)\n",
    "        \n",
    "        # Update joint angles\n",
    "        thetas = thetas + alpha*delta_theta\n",
    "\n",
    "        # Record the current joint angles to the history list\n",
    "        thetas_history.append(np.round(thetas,6))\n",
    "        logger.info('')  \n",
    "    \n",
    "    return thetas_history"
   ]
  },
  {
   "cell_type": "code",
   "execution_count": 4,
   "metadata": {},
   "outputs": [],
   "source": [
    "class MexicanHatLearningRate:\n",
    "    def __init__(self, min_lr, max_lr, cycle_length):\n",
    "        \"\"\"\n",
    "        :param min_lr: Minimum learning rate\n",
    "        :param max_lr: Maximum learning rate\n",
    "        :param cycle_length: Number of steps for a complete cycle\n",
    "        \"\"\"\n",
    "        self.min_lr = min_lr\n",
    "        self.max_lr = max_lr\n",
    "        self.cycle_length = cycle_length\n",
    "        self.step = 0\n",
    "        self.set_raw_values()\n",
    "\n",
    "    def mexican_hat(self, t):\n",
    "        return (1 - 2*np.pi**2 * t**2) * np.exp(-np.pi**2 * t**2)\n",
    "    \n",
    "    def set_raw_values(self):\n",
    "        steps = np.arange(self.cycle_length)\n",
    "        t = (2 * steps / self.cycle_length) - 1 \n",
    "        raw_values = self.mexican_hat(t)\n",
    "        raw_values -= raw_values.min()\n",
    "        raw_values /= raw_values.max()\n",
    "\n",
    "        self.raw_values = self.min_lr + raw_values*(self.max_lr - self.min_lr)\n",
    "\n",
    "    def __iter__(self):\n",
    "        return self\n",
    "\n",
    "    def __next__(self):\n",
    "\n",
    "        # Normalize and scale the value to the range [min_lr, max_lr]\n",
    "        lr = self.raw_values[self.step] \n",
    "        self.step += 1\n",
    "        return lr"
   ]
  },
  {
   "cell_type": "code",
   "execution_count": 5,
   "metadata": {},
   "outputs": [],
   "source": [
    "def save_to_csv(items, filename=\"output.csv\"):\n",
    "    with open(filename, 'w', newline='') as csvfile:\n",
    "        # Write the header directly to the file\n",
    "        csvfile.write(\"# 6-DOF UR5 robot arm csv file for V-REP animation.\\n\")\n",
    "        csvfile.write(\"# All lines beginning with # are treated as a comment and ignored.\\n\")\n",
    "        csvfile.write(\"# Each line below is of the form\\n\")\n",
    "        csvfile.write(\"# jt1ang, jt2ang, jt3ang, jt4ang, jt5ang, jt6ang\\n\")\n",
    "        csvfile.write(\"# where each joint angle is expressed in radians.\\n\")\n",
    "        \n",
    "        # Now use the CSV writer for the items\n",
    "        writer = csv.writer(csvfile)\n",
    "        writer.writerows(items)\n",
    "        csvfile.close()\n",
    "\n",
    "def clear_logger_handlers(logger):\n",
    "    while logger.handlers:\n",
    "        handler = logger.handlers[0]\n",
    "        handler.close()\n",
    "        logger.removeHandler(handler)\n",
    "\n",
    "def parse_config(filename=\"./config.ini\"):\n",
    "    \"\"\"\n",
    "    Parse the configuration file to extract desired SE(3) matrix and initial joint angles.\n",
    "    \n",
    "    :param filename: Path to the configuration file.\n",
    "    \n",
    "    :return: T_sd (desired SE(3) matrix) and thetas_0 (initial joint angles).\n",
    "    \"\"\"\n",
    "    \n",
    "    # Initialize the ConfigParser object\n",
    "    config = configparser.ConfigParser()\n",
    "    \n",
    "    # Read the configuration file\n",
    "    config.read(filename)\n",
    "    \n",
    "    # Extract and convert the desired SE(3) matrix from the config file into a numpy array\n",
    "    T_sd_list = [float(i) for i in config[\"data\"][\"T_sd\"].split(\",\")]\n",
    "    T_sd = np.array(T_sd_list).reshape(4, 4)\n",
    "\n",
    "    # Extract and convert the initial joint angles from the config file into a numpy array\n",
    "    thetas_0 = np.array([float(i) for i in config[\"data\"][\"thetas_0\"].split(\",\")])\n",
    "\n",
    "    return T_sd, thetas_0"
   ]
  },
  {
   "cell_type": "code",
   "execution_count": 6,
   "metadata": {},
   "outputs": [
    {
     "name": "stderr",
     "output_type": "stream",
     "text": [
      "iteration 1:\n",
      "SE(3) end - effector config: \n",
      "[[-0.146  0.25   0.957 -0.59 ]\n",
      " [ 0.854 -0.457  0.25   0.951]\n",
      " [ 0.5    0.854 -0.146 -0.381]\n",
      " [ 0.     0.     0.     1.   ]]\n",
      "error twist V_B: [ 1.643  1.245  1.643  0.753  0.447 -1.342]\n",
      "angular error magnitude [omega_b]: 2.636\n",
      "linear error magnitude [v_b]: 1.603\n",
      "\n",
      "iteration 2:\n",
      "SE(3) end - effector config: \n",
      "[[-0.126  0.198  0.972 -0.553]\n",
      " [ 0.882 -0.425  0.202  0.946]\n",
      " [ 0.453  0.883 -0.121 -0.41 ]\n",
      " [ 0.     0.     0.     1.   ]]\n",
      "error twist V_B: [ 1.593  1.212  1.599  0.735  0.433 -1.304]\n",
      "angular error magnitude [omega_b]: 2.562\n",
      "linear error magnitude [v_b]: 1.558\n",
      "\n",
      "iteration 3:\n",
      "SE(3) end - effector config: \n",
      "[[-0.104  0.148  0.984 -0.516]\n",
      " [ 0.908 -0.39   0.155  0.938]\n",
      " [ 0.406  0.909 -0.094 -0.437]\n",
      " [ 0.     0.     0.     1.   ]]\n",
      "error twist V_B: [ 1.543  1.181  1.554  0.716  0.419 -1.266]\n",
      "angular error magnitude [omega_b]: 2.488\n",
      "linear error magnitude [v_b]: 1.514\n",
      "\n",
      "iteration 4:\n",
      "SE(3) end - effector config: \n",
      "[[-0.08   0.098  0.992 -0.479]\n",
      " [ 0.93  -0.351  0.11   0.927]\n",
      " [ 0.359  0.931 -0.063 -0.464]\n",
      " [ 0.     0.     0.     1.   ]]\n",
      "error twist V_B: [ 1.492  1.15   1.511  0.699  0.404 -1.229]\n",
      "angular error magnitude [omega_b]: 2.415\n",
      "linear error magnitude [v_b]: 1.47\n",
      "\n",
      "iteration 5:\n",
      "SE(3) end - effector config: \n",
      "[[-0.054  0.049  0.997 -0.442]\n",
      " [ 0.949 -0.309  0.067  0.913]\n",
      " [ 0.312  0.95  -0.03  -0.491]\n",
      " [ 0.     0.     0.     1.   ]]\n",
      "error twist V_B: [ 1.441  1.119  1.468  0.682  0.388 -1.193]\n",
      "angular error magnitude [omega_b]: 2.342\n",
      "linear error magnitude [v_b]: 1.428\n",
      "\n",
      "iteration 6:\n",
      "SE(3) end - effector config: \n",
      "[[-0.027  0.001  1.    -0.404]\n",
      " [ 0.964 -0.263  0.026  0.896]\n",
      " [ 0.263  0.965  0.006 -0.517]\n",
      " [ 0.     0.     0.     1.   ]]\n",
      "error twist V_B: [ 1.388  1.089  1.425  0.665  0.371 -1.157]\n",
      "angular error magnitude [omega_b]: 2.268\n",
      "linear error magnitude [v_b]: 1.385\n",
      "\n",
      "iteration 7:\n",
      "SE(3) end - effector config: \n",
      "[[ 0.001 -0.048  0.999 -0.364]\n",
      " [ 0.977 -0.214 -0.012  0.875]\n",
      " [ 0.214  0.976  0.047 -0.544]\n",
      " [ 0.     0.     0.     1.   ]]\n",
      "error twist V_B: [ 1.332  1.059  1.383  0.651  0.352 -1.121]\n",
      "angular error magnitude [omega_b]: 2.193\n",
      "linear error magnitude [v_b]: 1.343\n",
      "\n",
      "iteration 8:\n",
      "SE(3) end - effector config: \n",
      "[[ 0.03  -0.099  0.995 -0.321]\n",
      " [ 0.986 -0.161 -0.046  0.85 ]\n",
      " [ 0.165  0.982  0.093 -0.572]\n",
      " [ 0.     0.     0.     1.   ]]\n",
      "error twist V_B: [ 1.273  1.027  1.343  0.638  0.329 -1.083]\n",
      "angular error magnitude [omega_b]: 2.117\n",
      "linear error magnitude [v_b]: 1.299\n",
      "\n",
      "iteration 9:\n",
      "SE(3) end - effector config: \n",
      "[[ 0.06  -0.15   0.987 -0.27 ]\n",
      " [ 0.991 -0.106 -0.076  0.817]\n",
      " [ 0.116  0.983  0.143 -0.598]\n",
      " [ 0.     0.     0.     1.   ]]\n",
      "error twist V_B: [ 1.211  0.995  1.305  0.63   0.3   -1.039]\n",
      "angular error magnitude [omega_b]: 2.04\n",
      "linear error magnitude [v_b]: 1.251\n",
      "\n",
      "iteration 10:\n",
      "SE(3) end - effector config: \n",
      "[[ 0.09  -0.195  0.977 -0.211]\n",
      " [ 0.994 -0.047 -0.101  0.749]\n",
      " [ 0.065  0.98   0.189 -0.628]\n",
      " [ 0.     0.     0.     1.   ]]\n",
      "error twist V_B: [ 1.15   0.969  1.264  0.608  0.237 -0.98 ]\n",
      "angular error magnitude [omega_b]: 1.965\n",
      "linear error magnitude [v_b]: 1.177\n",
      "\n",
      "iteration 11:\n",
      "SE(3) end - effector config: \n",
      "[[ 0.12  -0.227  0.967 -0.173]\n",
      " [ 0.993  0.02  -0.119  0.695]\n",
      " [ 0.008  0.974  0.227 -0.653]\n",
      " [ 0.     0.     0.     1.   ]]\n",
      "error twist V_B: [ 1.09   0.956  1.216  0.587  0.196 -0.941]\n",
      "angular error magnitude [omega_b]: 1.893\n",
      "linear error magnitude [v_b]: 1.126\n",
      "\n",
      "iteration 12:\n",
      "SE(3) end - effector config: \n",
      "[[ 0.152 -0.252  0.956 -0.148]\n",
      " [ 0.988  0.068 -0.139  0.67 ]\n",
      " [-0.03   0.965  0.26  -0.659]\n",
      " [ 0.     0.     0.     1.   ]]\n",
      "error twist V_B: [ 1.048  0.936  1.178  0.571  0.187 -0.915]\n",
      "angular error magnitude [omega_b]: 1.834\n",
      "linear error magnitude [v_b]: 1.095\n",
      "\n",
      "iteration 13:\n",
      "SE(3) end - effector config: \n",
      "[[ 0.184 -0.275  0.944 -0.125]\n",
      " [ 0.981  0.109 -0.159  0.646]\n",
      " [-0.06   0.955  0.29  -0.659]\n",
      " [ 0.     0.     0.     1.   ]]\n",
      "error twist V_B: [ 1.015  0.913  1.144  0.554  0.18  -0.889]\n",
      "angular error magnitude [omega_b]: 1.781\n",
      "linear error magnitude [v_b]: 1.063\n",
      "\n",
      "iteration 14:\n",
      "SE(3) end - effector config: \n",
      "[[ 0.216 -0.295  0.931 -0.104]\n",
      " [ 0.973  0.148 -0.178  0.624]\n",
      " [-0.085  0.944  0.319 -0.656]\n",
      " [ 0.     0.     0.     1.   ]]\n",
      "error twist V_B: [ 0.984  0.89   1.111  0.539  0.173 -0.864]\n",
      "angular error magnitude [omega_b]: 1.731\n",
      "linear error magnitude [v_b]: 1.032\n",
      "\n",
      "iteration 15:\n",
      "SE(3) end - effector config: \n",
      "[[ 0.247 -0.313  0.917 -0.083]\n",
      " [ 0.963  0.184 -0.197  0.603]\n",
      " [-0.107  0.932  0.347 -0.652]\n",
      " [ 0.     0.     0.     1.   ]]\n",
      "error twist V_B: [ 0.955  0.867  1.08   0.523  0.168 -0.839]\n",
      "angular error magnitude [omega_b]: 1.682\n",
      "linear error magnitude [v_b]: 1.003\n",
      "\n",
      "iteration 16:\n",
      "SE(3) end - effector config: \n",
      "[[ 0.278 -0.329  0.902 -0.065]\n",
      " [ 0.952  0.219 -0.213  0.582]\n",
      " [-0.128  0.918  0.374 -0.646]\n",
      " [ 0.     0.     0.     1.   ]]\n",
      "error twist V_B: [ 0.927  0.844  1.05   0.509  0.163 -0.815]\n",
      "angular error magnitude [omega_b]: 1.635\n",
      "linear error magnitude [v_b]: 0.975\n",
      "\n",
      "iteration 17:\n",
      "SE(3) end - effector config: \n",
      "[[ 0.308 -0.344  0.887 -0.047]\n",
      " [ 0.94   0.253 -0.228  0.562]\n",
      " [-0.146  0.904  0.401 -0.64 ]\n",
      " [ 0.     0.     0.     1.   ]]\n",
      "error twist V_B: [ 0.9    0.822  1.02   0.495  0.158 -0.792]\n",
      "angular error magnitude [omega_b]: 1.59\n",
      "linear error magnitude [v_b]: 0.947\n",
      "\n",
      "iteration 18:\n",
      "SE(3) end - effector config: \n",
      "[[ 0.338 -0.356  0.871 -0.031]\n",
      " [ 0.927  0.286 -0.242  0.542]\n",
      " [-0.163  0.889  0.427 -0.632]\n",
      " [ 0.     0.     0.     1.   ]]\n",
      "error twist V_B: [ 0.875  0.8    0.992  0.481  0.153 -0.77 ]\n",
      "angular error magnitude [omega_b]: 1.545\n",
      "linear error magnitude [v_b]: 0.92\n",
      "\n",
      "iteration 19:\n",
      "SE(3) end - effector config: \n",
      "[[ 0.366 -0.367  0.855 -0.015]\n",
      " [ 0.913  0.318 -0.255  0.523]\n",
      " [-0.179  0.874  0.452 -0.625]\n",
      " [ 0.     0.     0.     1.   ]]\n",
      "error twist V_B: [ 0.85   0.778  0.964  0.467  0.149 -0.748]\n",
      "angular error magnitude [omega_b]: 1.502\n",
      "linear error magnitude [v_b]: 0.894\n",
      "\n",
      "iteration 20:\n",
      "SE(3) end - effector config: \n",
      "[[ 0.394 -0.377  0.838 -0.001]\n",
      " [ 0.899  0.349 -0.266  0.504]\n",
      " [-0.192  0.858  0.476 -0.616]\n",
      " [ 0.     0.     0.     1.   ]]\n",
      "error twist V_B: [ 0.826  0.757  0.937  0.454  0.144 -0.727]\n",
      "angular error magnitude [omega_b]: 1.461\n",
      "linear error magnitude [v_b]: 0.869\n",
      "\n",
      "iteration 21:\n",
      "SE(3) end - effector config: \n",
      "[[ 0.421 -0.385  0.821  0.012]\n",
      " [ 0.884  0.379 -0.276  0.486]\n",
      " [-0.205  0.842  0.5   -0.607]\n",
      " [ 0.     0.     0.     1.   ]]\n",
      "error twist V_B: [ 0.803  0.737  0.911  0.442  0.14  -0.707]\n",
      "angular error magnitude [omega_b]: 1.42\n",
      "linear error magnitude [v_b]: 0.845\n",
      "\n",
      "iteration 22:\n",
      "SE(3) end - effector config: \n",
      "[[ 0.447 -0.392  0.804  0.024]\n",
      " [ 0.868  0.407 -0.284  0.468]\n",
      " [-0.216  0.825  0.522 -0.598]\n",
      " [ 0.     0.     0.     1.   ]]\n",
      "error twist V_B: [ 0.78   0.717  0.886  0.43   0.136 -0.687]\n",
      "angular error magnitude [omega_b]: 1.381\n",
      "linear error magnitude [v_b]: 0.822\n",
      "\n",
      "iteration 23:\n",
      "SE(3) end - effector config: \n",
      "[[ 0.473 -0.398  0.786  0.035]\n",
      " [ 0.852  0.435 -0.292  0.45 ]\n",
      " [-0.226  0.808  0.544 -0.588]\n",
      " [ 0.     0.     0.     1.   ]]\n",
      "error twist V_B: [ 0.758  0.698  0.861  0.418  0.132 -0.668]\n",
      "angular error magnitude [omega_b]: 1.343\n",
      "linear error magnitude [v_b]: 0.799\n",
      "\n",
      "iteration 24:\n",
      "SE(3) end - effector config: \n",
      "[[ 0.497 -0.402  0.769  0.045]\n",
      " [ 0.835  0.461 -0.299  0.433]\n",
      " [-0.235  0.791  0.565 -0.578]\n",
      " [ 0.     0.     0.     1.   ]]\n",
      "error twist V_B: [ 0.737  0.679  0.837  0.406  0.128 -0.649]\n",
      "angular error magnitude [omega_b]: 1.306\n",
      "linear error magnitude [v_b]: 0.777\n",
      "\n",
      "iteration 25:\n",
      "SE(3) end - effector config: \n",
      "[[ 0.52  -0.406  0.751  0.054]\n",
      " [ 0.819  0.487 -0.304  0.416]\n",
      " [-0.242  0.774  0.586 -0.568]\n",
      " [ 0.     0.     0.     1.   ]]\n",
      "error twist V_B: [ 0.717  0.661  0.814  0.395  0.125 -0.631]\n",
      "angular error magnitude [omega_b]: 1.27\n",
      "linear error magnitude [v_b]: 0.755\n",
      "\n",
      "iteration 26:\n",
      "SE(3) end - effector config: \n",
      "[[ 0.543 -0.408  0.734  0.063]\n",
      " [ 0.802  0.511 -0.309  0.4  ]\n",
      " [-0.249  0.756  0.605 -0.558]\n",
      " [ 0.     0.     0.     1.   ]]\n",
      "error twist V_B: [ 0.697  0.643  0.792  0.384  0.121 -0.614]\n",
      "angular error magnitude [omega_b]: 1.235\n",
      "linear error magnitude [v_b]: 0.734\n",
      "\n",
      "iteration 27:\n",
      "SE(3) end - effector config: \n",
      "[[ 0.564 -0.41   0.717  0.07 ]\n",
      " [ 0.785  0.534 -0.313  0.385]\n",
      " [-0.255  0.739  0.624 -0.548]\n",
      " [ 0.     0.     0.     1.   ]]\n",
      "error twist V_B: [ 0.677  0.626  0.77   0.374  0.118 -0.597]\n",
      "angular error magnitude [omega_b]: 1.201\n",
      "linear error magnitude [v_b]: 0.714\n",
      "\n",
      "iteration 28:\n",
      "SE(3) end - effector config: \n",
      "[[ 0.585 -0.411  0.699  0.077]\n",
      " [ 0.768  0.557 -0.316  0.37 ]\n",
      " [-0.26   0.722  0.641 -0.537]\n",
      " [ 0.     0.     0.     1.   ]]\n",
      "error twist V_B: [ 0.659  0.609  0.749  0.363  0.114 -0.581]\n",
      "angular error magnitude [omega_b]: 1.168\n",
      "linear error magnitude [v_b]: 0.695\n",
      "\n",
      "iteration 29:\n",
      "SE(3) end - effector config: \n",
      "[[ 0.605 -0.411  0.682  0.084]\n",
      " [ 0.751  0.578 -0.318  0.355]\n",
      " [-0.264  0.705  0.659 -0.526]\n",
      " [ 0.     0.     0.     1.   ]]\n",
      "error twist V_B: [ 0.641  0.593  0.728  0.353  0.111 -0.565]\n",
      "angular error magnitude [omega_b]: 1.137\n",
      "linear error magnitude [v_b]: 0.676\n",
      "\n",
      "iteration 30:\n",
      "SE(3) end - effector config: \n",
      "[[ 0.624 -0.41   0.665  0.089]\n",
      " [ 0.735  0.599 -0.319  0.341]\n",
      " [-0.267  0.688  0.675 -0.516]\n",
      " [ 0.     0.     0.     1.   ]]\n",
      "error twist V_B: [ 0.623  0.577  0.708  0.344  0.108 -0.55 ]\n",
      "angular error magnitude [omega_b]: 1.106\n",
      "linear error magnitude [v_b]: 0.657\n",
      "\n",
      "iteration 31:\n",
      "SE(3) end - effector config: \n",
      "[[ 0.642 -0.409  0.649  0.094]\n",
      " [ 0.718  0.618 -0.32   0.328]\n",
      " [-0.27   0.671  0.69  -0.505]\n",
      " [ 0.     0.     0.     1.   ]]\n",
      "error twist V_B: [ 0.606  0.561  0.689  0.334  0.105 -0.535]\n",
      "angular error magnitude [omega_b]: 1.076\n",
      "linear error magnitude [v_b]: 0.639\n",
      "\n",
      "iteration 32:\n",
      "SE(3) end - effector config: \n",
      "[[ 0.659 -0.408  0.632  0.099]\n",
      " [ 0.701  0.637 -0.321  0.315]\n",
      " [-0.272  0.655  0.705 -0.495]\n",
      " [ 0.     0.     0.     1.   ]]\n",
      "error twist V_B: [ 0.59   0.546  0.67   0.325  0.102 -0.52 ]\n",
      "angular error magnitude [omega_b]: 1.047\n",
      "linear error magnitude [v_b]: 0.622\n",
      "\n",
      "iteration 33:\n",
      "SE(3) end - effector config: \n",
      "[[ 0.676 -0.405  0.616  0.103]\n",
      " [ 0.685  0.654 -0.321  0.303]\n",
      " [-0.273  0.638  0.72  -0.484]\n",
      " [ 0.     0.     0.     1.   ]]\n",
      "error twist V_B: [ 0.574  0.532  0.652  0.317  0.099 -0.506]\n",
      "angular error magnitude [omega_b]: 1.018\n",
      "linear error magnitude [v_b]: 0.605\n",
      "\n",
      "iteration 34:\n",
      "SE(3) end - effector config: \n",
      "[[ 0.691 -0.403  0.6    0.106]\n",
      " [ 0.669  0.671 -0.32   0.291]\n",
      " [-0.274  0.622  0.733 -0.474]\n",
      " [ 0.     0.     0.     1.   ]]\n",
      "error twist V_B: [ 0.558  0.518  0.634  0.308  0.096 -0.493]\n",
      "angular error magnitude [omega_b]: 0.991\n",
      "linear error magnitude [v_b]: 0.589\n",
      "\n",
      "iteration 35:\n",
      "SE(3) end - effector config: \n",
      "[[ 0.706 -0.399  0.585  0.109]\n",
      " [ 0.653  0.687 -0.319  0.279]\n",
      " [-0.274  0.607  0.746 -0.463]\n",
      " [ 0.     0.     0.     1.   ]]\n",
      "error twist V_B: [ 0.543  0.504  0.617  0.3    0.094 -0.48 ]\n",
      "angular error magnitude [omega_b]: 0.965\n",
      "linear error magnitude [v_b]: 0.573\n",
      "\n",
      "iteration 36:\n",
      "SE(3) end - effector config: \n",
      "[[ 0.72  -0.396  0.569  0.112]\n",
      " [ 0.637  0.703 -0.317  0.268]\n",
      " [-0.274  0.591  0.758 -0.453]\n",
      " [ 0.     0.     0.     1.   ]]\n",
      "error twist V_B: [ 0.529  0.491  0.601  0.292  0.091 -0.467]\n",
      "angular error magnitude [omega_b]: 0.939\n",
      "linear error magnitude [v_b]: 0.558\n",
      "\n",
      "iteration 37:\n",
      "SE(3) end - effector config: \n",
      "[[ 0.734 -0.392  0.555  0.114]\n",
      " [ 0.622  0.717 -0.315  0.257]\n",
      " [-0.274  0.576  0.77  -0.443]\n",
      " [ 0.     0.     0.     1.   ]]\n",
      "error twist V_B: [ 0.515  0.478  0.585  0.284  0.089 -0.455]\n",
      "angular error magnitude [omega_b]: 0.914\n",
      "linear error magnitude [v_b]: 0.543\n",
      "\n",
      "iteration 38:\n",
      "SE(3) end - effector config: \n",
      "[[ 0.747 -0.388  0.54   0.116]\n",
      " [ 0.606  0.731 -0.313  0.247]\n",
      " [-0.273  0.561  0.781 -0.433]\n",
      " [ 0.     0.     0.     1.   ]]\n",
      "error twist V_B: [ 0.501  0.466  0.569  0.277  0.086 -0.443]\n",
      "angular error magnitude [omega_b]: 0.89\n",
      "linear error magnitude [v_b]: 0.529\n",
      "\n",
      "iteration 39:\n",
      "SE(3) end - effector config: \n",
      "[[ 0.759 -0.384  0.526  0.118]\n",
      " [ 0.592  0.744 -0.311  0.238]\n",
      " [-0.272  0.547  0.792 -0.423]\n",
      " [ 0.     0.     0.     1.   ]]\n",
      "error twist V_B: [ 0.488  0.454  0.554  0.269  0.084 -0.431]\n",
      "angular error magnitude [omega_b]: 0.867\n",
      "linear error magnitude [v_b]: 0.515\n",
      "\n",
      "iteration 40:\n",
      "SE(3) end - effector config: \n",
      "[[ 0.771 -0.379  0.512  0.119]\n",
      " [ 0.577  0.756 -0.308  0.228]\n",
      " [-0.271  0.533  0.802 -0.414]\n",
      " [ 0.     0.     0.     1.   ]]\n",
      "error twist V_B: [ 0.475  0.442  0.54   0.262  0.082 -0.42 ]\n",
      "angular error magnitude [omega_b]: 0.844\n",
      "linear error magnitude [v_b]: 0.502\n",
      "\n",
      "iteration 41:\n",
      "SE(3) end - effector config: \n",
      "[[ 0.782 -0.375  0.499  0.12 ]\n",
      " [ 0.563  0.768 -0.305  0.219]\n",
      " [-0.269  0.519  0.811 -0.404]\n",
      " [ 0.     0.     0.     1.   ]]\n",
      "error twist V_B: [ 0.463  0.431  0.526  0.255  0.08  -0.409]\n",
      "angular error magnitude [omega_b]: 0.822\n",
      "linear error magnitude [v_b]: 0.489\n",
      "\n",
      "iteration 42:\n",
      "SE(3) end - effector config: \n",
      "[[ 0.792 -0.37   0.486  0.121]\n",
      " [ 0.549  0.779 -0.302  0.211]\n",
      " [-0.267  0.506  0.82  -0.395]\n",
      " [ 0.     0.     0.     1.   ]]\n",
      "error twist V_B: [ 0.451  0.42   0.512  0.249  0.078 -0.399]\n",
      "angular error magnitude [omega_b]: 0.801\n",
      "linear error magnitude [v_b]: 0.476\n",
      "\n",
      "iteration 43:\n",
      "SE(3) end - effector config: \n",
      "[[ 0.802 -0.365  0.473  0.121]\n",
      " [ 0.535  0.79  -0.299  0.203]\n",
      " [-0.265  0.493  0.829 -0.386]\n",
      " [ 0.     0.     0.     1.   ]]\n",
      "error twist V_B: [ 0.439  0.409  0.499  0.243  0.076 -0.388]\n",
      "angular error magnitude [omega_b]: 0.781\n",
      "linear error magnitude [v_b]: 0.464\n",
      "\n",
      "iteration 44:\n",
      "SE(3) end - effector config: \n",
      "[[ 0.811 -0.36   0.461  0.121]\n",
      " [ 0.522  0.8   -0.295  0.195]\n",
      " [-0.262  0.48   0.837 -0.377]\n",
      " [ 0.     0.     0.     1.   ]]\n",
      "error twist V_B: [ 0.428  0.399  0.487  0.236  0.074 -0.379]\n",
      "angular error magnitude [omega_b]: 0.761\n",
      "linear error magnitude [v_b]: 0.452\n",
      "\n",
      "iteration 45:\n",
      "SE(3) end - effector config: \n",
      "[[ 0.82  -0.355  0.449  0.122]\n",
      " [ 0.51   0.809 -0.292  0.188]\n",
      " [-0.26   0.468  0.845 -0.369]\n",
      " [ 0.     0.     0.     1.   ]]\n",
      "error twist V_B: [ 0.417  0.389  0.474  0.23   0.072 -0.369]\n",
      "angular error magnitude [omega_b]: 0.742\n",
      "linear error magnitude [v_b]: 0.441\n",
      "\n",
      "iteration 46:\n",
      "SE(3) end - effector config: \n",
      "[[ 0.829 -0.349  0.437  0.122]\n",
      " [ 0.497  0.818 -0.288  0.181]\n",
      " [-0.257  0.456  0.852 -0.36 ]\n",
      " [ 0.     0.     0.     1.   ]]\n",
      "error twist V_B: [ 0.407  0.38   0.463  0.225  0.07  -0.36 ]\n",
      "angular error magnitude [omega_b]: 0.723\n",
      "linear error magnitude [v_b]: 0.43\n",
      "\n",
      "iteration 47:\n",
      "SE(3) end - effector config: \n",
      "[[ 0.837 -0.344  0.426  0.121]\n",
      " [ 0.485  0.827 -0.284  0.174]\n",
      " [-0.254  0.445  0.859 -0.352]\n",
      " [ 0.     0.     0.     1.   ]]\n",
      "error twist V_B: [ 0.397  0.37   0.451  0.219  0.068 -0.351]\n",
      "angular error magnitude [omega_b]: 0.706\n",
      "linear error magnitude [v_b]: 0.42\n",
      "\n",
      "iteration 48:\n",
      "SE(3) end - effector config: \n",
      "[[ 0.844 -0.339  0.415  0.121]\n",
      " [ 0.473  0.835 -0.281  0.168]\n",
      " [-0.252  0.434  0.865 -0.344]\n",
      " [ 0.     0.     0.     1.   ]]\n",
      "error twist V_B: [ 0.387  0.361  0.44   0.214  0.066 -0.343]\n",
      "angular error magnitude [omega_b]: 0.689\n",
      "linear error magnitude [v_b]: 0.409\n",
      "\n",
      "iteration 49:\n",
      "SE(3) end - effector config: \n",
      "[[ 0.851 -0.334  0.405  0.121]\n",
      " [ 0.462  0.843 -0.277  0.162]\n",
      " [-0.249  0.423  0.871 -0.336]\n",
      " [ 0.     0.     0.     1.   ]]\n",
      "error twist V_B: [ 0.378  0.353  0.43   0.209  0.065 -0.335]\n",
      "angular error magnitude [omega_b]: 0.672\n",
      "linear error magnitude [v_b]: 0.4\n",
      "\n",
      "iteration 50:\n",
      "SE(3) end - effector config: \n",
      "[[ 0.858 -0.329  0.395  0.12 ]\n",
      " [ 0.451  0.85  -0.273  0.156]\n",
      " [-0.246  0.412  0.877 -0.329]\n",
      " [ 0.     0.     0.     1.   ]]\n",
      "error twist V_B: [ 0.369  0.344  0.419  0.204  0.063 -0.327]\n",
      "angular error magnitude [omega_b]: 0.656\n",
      "linear error magnitude [v_b]: 0.39\n",
      "\n",
      "iteration 51:\n",
      "SE(3) end - effector config: \n",
      "[[ 0.864 -0.324  0.385  0.119]\n",
      " [ 0.441  0.856 -0.269  0.15 ]\n",
      " [-0.243  0.402  0.883 -0.322]\n",
      " [ 0.     0.     0.     1.   ]]\n",
      "error twist V_B: [ 0.36   0.336  0.409  0.199  0.062 -0.319]\n",
      "angular error magnitude [omega_b]: 0.641\n",
      "linear error magnitude [v_b]: 0.381\n",
      "\n",
      "iteration 52:\n",
      "SE(3) end - effector config: \n",
      "[[ 0.87  -0.318  0.376  0.119]\n",
      " [ 0.43   0.863 -0.265  0.145]\n",
      " [-0.24   0.393  0.888 -0.315]\n",
      " [ 0.     0.     0.     1.   ]]\n",
      "error twist V_B: [ 0.352  0.329  0.4    0.194  0.06  -0.312]\n",
      "angular error magnitude [omega_b]: 0.626\n",
      "linear error magnitude [v_b]: 0.372\n",
      "\n",
      "iteration 53:\n",
      "SE(3) end - effector config: \n",
      "[[ 0.876 -0.313  0.367  0.118]\n",
      " [ 0.42   0.869 -0.262  0.14 ]\n",
      " [-0.237  0.383  0.893 -0.308]\n",
      " [ 0.     0.     0.     1.   ]]\n",
      "error twist V_B: [ 0.343  0.321  0.391  0.19   0.059 -0.305]\n",
      "angular error magnitude [omega_b]: 0.611\n",
      "linear error magnitude [v_b]: 0.364\n",
      "\n",
      "iteration 54:\n",
      "SE(3) end - effector config: \n",
      "[[ 0.881 -0.308  0.358  0.117]\n",
      " [ 0.411  0.874 -0.258  0.135]\n",
      " [-0.233  0.374  0.897 -0.301]\n",
      " [ 0.     0.     0.     1.   ]]\n",
      "error twist V_B: [ 0.336  0.314  0.382  0.186  0.058 -0.298]\n",
      "angular error magnitude [omega_b]: 0.598\n",
      "linear error magnitude [v_b]: 0.356\n",
      "\n",
      "iteration 55:\n",
      "SE(3) end - effector config: \n",
      "[[ 0.886 -0.304  0.35   0.116]\n",
      " [ 0.402  0.88  -0.254  0.131]\n",
      " [-0.23   0.366  0.902 -0.295]\n",
      " [ 0.     0.     0.     1.   ]]\n",
      "error twist V_B: [ 0.328  0.307  0.374  0.182  0.056 -0.291]\n",
      "angular error magnitude [omega_b]: 0.585\n",
      "linear error magnitude [v_b]: 0.348\n",
      "\n",
      "iteration 56:\n",
      "SE(3) end - effector config: \n",
      "[[ 0.891 -0.299  0.342  0.115]\n",
      " [ 0.393  0.885 -0.25   0.127]\n",
      " [-0.227  0.357  0.906 -0.289]\n",
      " [ 0.     0.     0.     1.   ]]\n",
      "error twist V_B: [ 0.321  0.301  0.365  0.178  0.055 -0.285]\n",
      "angular error magnitude [omega_b]: 0.572\n",
      "linear error magnitude [v_b]: 0.34\n",
      "\n",
      "iteration 57:\n",
      "SE(3) end - effector config: \n",
      "[[ 0.896 -0.294  0.334  0.114]\n",
      " [ 0.384  0.89  -0.247  0.123]\n",
      " [-0.224  0.349  0.91  -0.283]\n",
      " [ 0.     0.     0.     1.   ]]\n",
      "error twist V_B: [ 0.314  0.294  0.358  0.174  0.054 -0.279]\n",
      "angular error magnitude [omega_b]: 0.56\n",
      "linear error magnitude [v_b]: 0.333\n",
      "\n",
      "iteration 58:\n",
      "SE(3) end - effector config: \n",
      "[[ 0.9   -0.29   0.326  0.113]\n",
      " [ 0.376  0.894 -0.243  0.119]\n",
      " [-0.221  0.342  0.913 -0.277]\n",
      " [ 0.     0.     0.     1.   ]]\n",
      "error twist V_B: [ 0.308  0.288  0.35   0.17   0.053 -0.273]\n",
      "angular error magnitude [omega_b]: 0.548\n",
      "linear error magnitude [v_b]: 0.326\n",
      "\n",
      "iteration 59:\n",
      "SE(3) end - effector config: \n",
      "[[ 0.904 -0.285  0.319  0.112]\n",
      " [ 0.368  0.898 -0.24   0.115]\n",
      " [-0.218  0.334  0.917 -0.272]\n",
      " [ 0.     0.     0.     1.   ]]\n",
      "error twist V_B: [ 0.301  0.282  0.343  0.167  0.052 -0.267]\n",
      "angular error magnitude [omega_b]: 0.537\n",
      "linear error magnitude [v_b]: 0.319\n",
      "\n",
      "iteration 60:\n",
      "SE(3) end - effector config: \n",
      "[[ 0.907 -0.281  0.313  0.111]\n",
      " [ 0.361  0.902 -0.236  0.112]\n",
      " [-0.216  0.327  0.92  -0.266]\n",
      " [ 0.     0.     0.     1.   ]]\n",
      "error twist V_B: [ 0.295  0.277  0.336  0.163  0.051 -0.262]\n",
      "angular error magnitude [omega_b]: 0.526\n",
      "linear error magnitude [v_b]: 0.313\n",
      "\n",
      "iteration 61:\n",
      "SE(3) end - effector config: \n",
      "[[ 0.911 -0.277  0.306  0.11 ]\n",
      " [ 0.353  0.906 -0.233  0.109]\n",
      " [-0.213  0.321  0.923 -0.261]\n",
      " [ 0.     0.     0.     1.   ]]\n",
      "error twist V_B: [ 0.289  0.271  0.329  0.16   0.05  -0.257]\n",
      "angular error magnitude [omega_b]: 0.516\n",
      "linear error magnitude [v_b]: 0.307\n",
      "\n",
      "iteration 62:\n",
      "SE(3) end - effector config: \n",
      "[[ 0.914 -0.273  0.3    0.109]\n",
      " [ 0.347  0.909 -0.23   0.105]\n",
      " [-0.21   0.314  0.926 -0.256]\n",
      " [ 0.     0.     0.     1.   ]]\n",
      "error twist V_B: [ 0.284  0.266  0.323  0.157  0.049 -0.252]\n",
      "angular error magnitude [omega_b]: 0.506\n",
      "linear error magnitude [v_b]: 0.301\n",
      "\n",
      "iteration 63:\n",
      "SE(3) end - effector config: \n",
      "[[ 0.917 -0.269  0.294  0.108]\n",
      " [ 0.34   0.913 -0.227  0.103]\n",
      " [-0.207  0.308  0.929 -0.252]\n",
      " [ 0.     0.     0.     1.   ]]\n",
      "error twist V_B: [ 0.279  0.261  0.317  0.154  0.048 -0.247]\n",
      "angular error magnitude [omega_b]: 0.496\n",
      "linear error magnitude [v_b]: 0.295\n",
      "\n",
      "iteration 64:\n",
      "SE(3) end - effector config: \n",
      "[[ 0.92  -0.265  0.288  0.107]\n",
      " [ 0.334  0.916 -0.224  0.1  ]\n",
      " [-0.205  0.302  0.931 -0.247]\n",
      " [ 0.     0.     0.     1.   ]]\n",
      "error twist V_B: [ 0.274  0.256  0.311  0.151  0.047 -0.243]\n",
      "angular error magnitude [omega_b]: 0.487\n",
      "linear error magnitude [v_b]: 0.29\n",
      "\n",
      "iteration 65:\n",
      "SE(3) end - effector config: \n",
      "[[ 0.923 -0.261  0.283  0.106]\n",
      " [ 0.328  0.919 -0.221  0.097]\n",
      " [-0.202  0.296  0.933 -0.243]\n",
      " [ 0.     0.     0.     1.   ]]\n",
      "error twist V_B: [ 0.269  0.252  0.306  0.149  0.046 -0.239]\n",
      "angular error magnitude [omega_b]: 0.479\n",
      "linear error magnitude [v_b]: 0.285\n",
      "\n",
      "iteration 66:\n",
      "SE(3) end - effector config: \n",
      "[[ 0.926 -0.258  0.278  0.105]\n",
      " [ 0.322  0.921 -0.218  0.095]\n",
      " [-0.2    0.291  0.936 -0.239]\n",
      " [ 0.     0.     0.     1.   ]]\n",
      "error twist V_B: [ 0.264  0.248  0.301  0.146  0.045 -0.235]\n",
      "angular error magnitude [omega_b]: 0.471\n",
      "linear error magnitude [v_b]: 0.28\n",
      "\n",
      "iteration 67:\n",
      "SE(3) end - effector config: \n",
      "[[ 0.928 -0.254  0.273  0.104]\n",
      " [ 0.316  0.924 -0.215  0.092]\n",
      " [-0.197  0.286  0.938 -0.235]\n",
      " [ 0.     0.     0.     1.   ]]\n",
      "error twist V_B: [ 0.26   0.244  0.296  0.144  0.045 -0.231]\n",
      "angular error magnitude [omega_b]: 0.463\n",
      "linear error magnitude [v_b]: 0.276\n",
      "\n",
      "iteration 68:\n",
      "SE(3) end - effector config: \n",
      "[[ 0.93  -0.251  0.268  0.103]\n",
      " [ 0.311  0.926 -0.213  0.09 ]\n",
      " [-0.195  0.281  0.94  -0.231]\n",
      " [ 0.     0.     0.     1.   ]]\n",
      "error twist V_B: [ 0.256  0.24   0.291  0.141  0.044 -0.227]\n",
      "angular error magnitude [omega_b]: 0.456\n",
      "linear error magnitude [v_b]: 0.271\n",
      "\n",
      "iteration 69:\n",
      "SE(3) end - effector config: \n",
      "[[ 0.932 -0.248  0.264  0.102]\n",
      " [ 0.306  0.928 -0.21   0.088]\n",
      " [-0.193  0.277  0.941 -0.228]\n",
