/opt/homebrew/bin/python3.11 /Users/*******/Desktop/ModernRobotics/Course2-Assignment/main.py

Iteration 0:

joint vector:
 [ 2.5   0.7   4.1  -2.3   0.46 -3.6 ]

SE(3) end-effector config:
 [[ 0.5418271   0.80203508 -0.25132276 -0.32819002]
 [ 0.09217545 -0.35391849 -0.93072305  0.01739548]
 [-0.8354203   0.48112518 -0.26569058  0.26002603]
 [ 0.          0.          0.          1.        ]]

error twist V_b:
 [-0.32647388 -0.19303692 -0.55179186  0.11384699 -0.22340682 -0.03723171]

angular error magnitude ||omega_b||: 0.6695690415631186

linear error magnitude ||v_b||: 0.25349150788874447

______________________________________________________________________
Iteration 1:

joint vector:
 [ 2.3815  1.4664  4.0994 -2.0708  0.5263 -5.0748]

SE(3) end-effector config:
 [[-0.0966059   0.96232287 -0.25416922 -0.36595532]
 [-0.15388723 -0.26673408 -0.95140509  0.09966714]
 [-0.98335447 -0.05279795  0.17385729  0.02740638]
 [ 0.          0.          0.          1.        ]]

error twist V_b:
 [-0.26501319  0.16674232  0.07601025 -0.06682847 -0.13572975  0.02346413]

angular error magnitude ||omega_b||: 0.3221995465775114

linear error magnitude ||v_b||: 0.1530985798587309

______________________________________________________________________
Iteration 2:

joint vector:
 [ 2.596   0.911   4.4692 -2.2549  0.5137 -4.7165]

SE(3) end-effector config:
 [[-0.01803506  0.99932696 -0.031943   -0.48805543]
 [ 0.00858506 -0.03179224 -0.99945763  0.08521984]
 [-0.9998005  -0.01829951 -0.00800591  0.15532136]
 [ 0.          0.          0.          1.        ]]

error twist V_b:
 [-0.03187514 -0.00829744  0.01817157  0.05548981 -0.01167475 -0.01436146]

angular error magnitude ||omega_b||: 0.03761752042266345

linear error magnitude ||v_b||: 0.058495046538221726

______________________________________________________________________
Iteration 3:

joint vector:
 [ 2.5853  0.9905  4.5344 -2.3826  0.5563 -4.7132]

SE(3) end-effector config:
 [[-2.10327917e-04  9.99999978e-01  7.23422723e-06 -4.97180307e-01]
 [-3.73514145e-04  7.15566643e-06 -9.99999930e-01  9.87922614e-02]
 [-9.99999908e-01 -2.10330604e-04  3.73512632e-04  9.81726154e-02]
 [ 0.00000000e+00  0.00000000e+00  0.00000000e+00  1.00000000e+00]]

error twist V_b:
 [ 7.19494705e-06  3.73513400e-04  2.10329267e-04 -1.82731356e-03
 -2.81988050e-03 -1.20740748e-03]

angular error magnitude ||omega_b||: 0.0004287218535520033

linear error magnitude ||v_b||: 0.0035705228924984263

______________________________________________________________________
Iteration 4:

joint vector:
 [ 2.5862  0.9819  4.5435 -2.3838  0.5554 -4.7124]

SE(3) end-effector config:
 [[-4.77741854e-06  1.00000000e+00  7.34639812e-06 -4.99990686e-01]
 [-3.87367391e-06  7.34637961e-06 -1.00000000e+00  9.99878582e-02]
 [-1.00000000e+00 -4.77744700e-06  3.87363882e-06  1.00017048e-01]
 [ 0.00000000e+00  0.00000000e+00  0.00000000e+00  1.00000000e+00]]

error twist V_b:
 [ 7.34638886e-06  3.87365636e-06  4.77743277e-06  1.70482050e-05
 -9.31418154e-06 -1.21418897e-05]

angular error magnitude ||omega_b||: 9.58115373111084e-06

linear error magnitude ||v_b||: 2.2908966728288273e-05

______________________________________________________________________
The algorithm has converged in 4 iterations
Csv file 'iterates.csv' has been created
______________________________________________________________________
thetalist: [ 2.5862  0.9819  4.5435 -2.3838  0.5554 -4.7124]
success: True

Process finished with exit code 0