0.0,0.0,1.0,0.0,1.0,0.0,-1.0,0.0,0.0,0.0,0.0,0.5,0.0
0.0,0.0,1.0,0.0,1.0,0.0,-1.0,0.0,0.0,1.6555481481895798e-07,0.0,0.4999999950886335,0.0
0.0,0.0,1.0,0.0,1.0,0.0,-1.0,0.0,0.0,1.3194556874215045e-06,0.0,0.49999996085688914,0.0
-2.2005574442527486e-06,0.0,0.9999999999975788,0.0,1.0,0.0,-0.9999999999975788,0.0,-2.2005574442527486e-06,4.436379565295822e-06,0.0,0.4999998683850129,0.0
-5.196442802860254e-06,0.0,0.9999999999864985,0.0,1.0,0.0,-0.9999999999864985,0.0,-5.196442802860254e-06,1.0476159892384503e-05,0.0,0.49999968918589816,0.0
-1.011091641797922e-05,0.0,0.9999999999488847,0.0,1.0,0.0,-0.9999999999488847,0.0,-1.011091641797922e-05,2.0383861297100733e-05,0.0,0.49999939518709174,0.0
-1.7405466885657868e-05,0.0,0.9999999998485248,0.0,1.0,0.0,-0.9999999998485248,0.0,-1.7405466885657868e-05,3.508985434684577e-05,0.0,0.499998958715053,0.0
-2.7534331995697915e-05,0.0,0.9999999996209303,0.0,1.0,0.0,-0.9999999996209303,0.0,-2.7534331995697915e-05,5.550989010830681e-05,0.0,0.4999983524728897,0.0
-4.0944536009634145e-05,0.0,0.9999999991617725,0.0,1.0,0.0,-0.9999999991617725,0.0,-4.0944536009634145e-05,8.25451746091972e-05,0.0,0.49999754951481484,0.0
-5.807592693765295e-05,0.0,0.9999999983135933,0.0,1.0,0.0,-0.9999999983135933,0.0,-5.807592693765295e-05,0.00011708244319466553,0.0,0.4999965232171259,0.0
-7.936121381389122e-05,0.0,0.9999999968508989,0.0,1.0,0.0,-0.9999999968508989,0.0,-7.936121381389122e-05,0.0001599940347837283,0.0,0.4999952472459236,0.0
-0.00010522600396940304,0.0,0.999999994463744,0.0,1.0,0.0,-0.999999994463744,0.0,-0.00010522600396940304,0.00021213796603073687,0.0,0.49999369552178824,0.0
-0.00013608884030191808,0.0,0.9999999907399137,0.0,1.0,0.0,-0.9999999907399137,0.0,-0.00013608884030191808,0.00027435800539650013,0.0,0.49999184218162934,0.0
-0.0001723612385413435,0.0,0.9999999851458016,0.0,1.0,0.0,-0.9999999851458016,0.0,-0.0001723612385413435,0.0003474837471328263,0.0,0.4999896615379055,0.0
-0.00021444772450978237,0.0,0.9999999770060864,0.0,1.0,0.0,-0.9999999770060864,0.0,-0.00021444772450978237,0.00043233068518421815,0.0,0.49998712803542533,0.0
-0.000262745871374662,0.0,0.999999965482303,0.0,1.0,0.0,-0.999999965482303,0.0,-0.000262745871374662,0.0005297002870094505,0.0,0.4999842162059159,0.0
-0.00031764633689337977,0.0,0.9999999495504011,0.0,1.0,0.0,-0.9999999495504011,0.0,-0.00031764633689337977,0.0006403800673256239,0.0,0.499980900620555,0.0
-0.00037953290064769317,0.0,0.999999927977386,0.0,1.0,0.0,-0.999999927977386,0.0,-0.00037953290064769317,0.0007651436617765348,0.0,0.4999771558406502,0.0
-0.0004487825012658966,0.0,0.9999998992971282,0.0,1.0,0.0,-0.9999998992971282,0.0,-0.0004487825012658966,0.0009047509005267648,0.0,0.4999729563666443,0.0
-0.0005257652736306536,0.0,0.999999861785429,0.0,1.0,0.0,-0.999999861785429,0.0,-0.0005257652736306536,0.0010599478817823762,0.0,0.49996827658562226,0.0
-0.0006108445860701737,0.0,0.9999998134344285,0.0,1.0,0.0,-0.9999998134344285,0.0,-0.0006108445860701737,0.0012314670452386407,0.0,0.499963090717492,0.0
-0.0007043770775302632,0.0,0.9999997519264355,0.0,1.0,0.0,-0.9999997519264355,0.0,-0.0007043770775302632,0.0014200272454546947,0.0,0.4999573727600027,0.0
-0.0008067126947246129,0.0,0.9999996746072611,0.0,1.0,0.0,-0.9999996746072611,0.0,-0.0008067126947246129,0.0016263338251545746,0.0,0.4999510964327611,0.0
-0.0009181947292605395,0.0,0.9999995784591307,0.0,1.0,0.0,-0.9999995784591307,0.0,-0.0009181947292605395,0.0018510786884536176,0.0,0.49994423512040265,0.0
-0.0010391598547372517,0.0,0.9999994600732524,0.0,1.0,0.0,-0.9999994600732524,0.0,-0.0010391598547372517,0.002094940374008883,0.0,0.4999367618150694,0.0
-0.0011699381638135859,0.0,0.9999993156221122,0.0,1.0,0.0,-0.9999993156221122,0.0,-0.0011699381638135859,0.0023585841280916826,0.0,0.4999286490583393,0.0
-0.0013108532052420274,0.0,0.999999140831568,0.0,1.0,0.0,-0.999999140831568,0.0,-0.0013108532052420274,0.0026426619775801147,0.0,0.4999198688827519,0.0
-0.0014622220208657334,0.0,0.9999989309528095,0.0,1.0,0.0,-0.9999989309528095,0.0,-0.0014622220208657334,0.0029478128028689906,0.0,0.4999103927530663,0.0
-0.0016243551825751827,0.0,0.9999986807342502,0.0,1.0,0.0,-0.9999986807342502,0.0,-0.0016243551825751827,0.003274662410694341,0.0,0.49990019150738546,0.0
-0.0017975568292209673,0.0,0.9999983843934178,0.0,1.0,0.0,-0.9999983843934178,0.0,-0.0017975568292209673,0.0036238236068693057,0.0,0.4998892352982765,0.0
-0.0019821247034792176,0.0,0.9999980355889004,0.0,1.0,0.0,-0.9999980355889004,0.0,-0.0019821247034792176,0.003995896268928005,0.0,0.4998774935340111,0.0
-0.002178350188666048,0.0,0.9999976273924132,0.0,1.0,0.0,-0.9999976273924132,0.0,-0.002178350188666048,0.004391467418673721,0.0,0.4998649348200479,0.0
-0.002386518345497413,0.0,0.9999971522610385,0.0,1.0,0.0,-0.9999971522610385,0.0,-0.002386518345497413,0.004811111294627491,0.0,0.4998515269008702,0.0
-0.0026069079487907004,0.0,0.9999966020097001,0.0,1.0,0.0,-0.9999966020097001,0.0,-0.0026069079487907004,0.005255389424373157,0.0,0.4998372366022976,0.0
-0.002839791524104415,0.0,0.9999959677839204,0.0,1.0,0.0,-0.9999959677839204,0.0,-0.002839791524104415,0.005724850696794607,0.0,0.49982202977437307,0.0
-0.0030854353843122614,0.0,0.999995240032916,0.0,1.0,0.0,-0.999995240032916,0.0,-0.0030854353843122614,0.006220031434200943,0.0,0.4998058712349349,0.0
-0.0033440996661080083,0.0,0.9999944084830791,0.0,1.0,0.0,-0.9999944084830791,0.0,-0.0033440996661080083,0.006741455464335227,0.0,0.49978872471397234,0.0
-0.003616038366437496,0.0,0.9999934621118942,0.0,1.0,0.0,-0.9999934621118942,0.0,-0.003616038366437496,0.00728963419226232,0.0,0.4997705527988609,0.0
-0.0039014993788542424,0.0,0.9999923891223357,0.0,1.0,0.0,-0.9999923891223357,0.0,-0.0039014993788542424,0.007865066672131507,0.0,0.4997513168805734,0.0
-0.004200724529795133,0.0,0.999991176917789,0.0,1.0,0.0,-0.999991176917789,0.0,-0.004200724529795133,0.008468239678809315,0.0,0.49973097710095116,0.0
-0.004513949614772767,0.0,0.9999898120775408,0.0,1.0,0.0,-0.9999898120775408,0.0,-0.004513949614772767,0.009099627779378283,0.0,0.49970949230112616,0.0
-0.0048414044344811304,0.0,0.9999882803328756,0.0,1.0,0.0,-0.9999882803328756,0.0,-0.0048414044344811304,0.009759693404497385,0.0,0.49968681997117287,0.0
-0.005183312830811369,0.0,0.9999865665438201,0.0,1.0,0.0,-0.9999865665438201,0.0,-0.005183312830811369,0.01044888691961981,0.0,0.4996629162010697,0.0
-0.005539892722774547,0.0,0.9999846546765706,0.0,1.0,0.0,-0.9999846546765706,0.0,-0.005539892722774547,0.011167646696064168,0.0,0.499637735633043,0.0
-0.00591135614232841,0.0,0.9999825277816401,0.0,1.0,0.0,-0.9999825277816401,0.0,-0.00591135614232841,0.011916399181935195,0.0,0.49961123141536956,0.0
-0.006297909270105323,0.0,0.9999801679727581,0.0,1.0,0.0,-0.9999801679727581,0.0,-0.006297909270105323,0.012695558972890217,0.0,0.4995833551577007,0.0
-0.0066997524710387165,0.0,0.999977556406556,0.0,1.0,0.0,-0.999977556406556,0.0,-0.0066997524710387165,0.013505528882748006,0.0,0.4995540568879762,0.0
-0.007117080329885527,0.0,0.9999746732630672,0.0,1.0,0.0,-0.9999746732630672,0.0,-0.007117080329885527,0.014346700013936689,0.0,0.499523285010989,0.0
-0.007550081686642321,0.0,0.9999714977270727,0.0,1.0,0.0,-0.9999714977270727,0.0,-0.007550081686642321,0.015219451827777853,0.0,0.4994909862686575,0.0
-0.007998939671852967,0.0,0.999968007970318,0.0,1.0,0.0,-0.999968007970318,0.0,-0.007998939671852967,0.01612415221460418,0.0,0.499457105702064,0.0
-0.00846383174180594,0.0,0.9999641811346276,0.0,1.0,0.0,-0.9999641811346276,0.0,-0.00846383174180594,0.01706115756370818,0.0,0.4994215866153074,0.0
-0.008944929713619532,0.0,0.9999599933159418,0.0,1.0,0.0,-0.9999599933159418,0.0,-0.008944929713619532,0.018030812833120212,0.0,0.4993843705412231,0.0
-0.009442399800213547,0.0,0.9999554195492981,0.0,1.0,0.0,-0.9999554195492981,0.0,-0.009442399800213547,0.019033451619214003,0.0,0.49934539720901333,0.0
-0.009956402645166132,0.0,0.9999504337947793,0.0,1.0,0.0,-0.9999504337947793,0.0,-0.009956402645166132,0.020069396226138556,0.0,0.499304604513833,0.0
-0.010487093357454841,0.0,0.9999450089244468,0.0,1.0,0.0,-0.9999450089244468,0.0,-0.010487093357454841,0.021138957735075497,0.0,0.49926192848836987,0.0
-0.011034621546081097,0.0,0.9999391167102799,0.0,1.0,0.0,-0.9999391167102799,0.0,-0.011034621546081097,0.022242436073321565,0.0,0.4992173032764585,0.0
-0.011599131354577609,0.0,0.999932727813136,0.0,1.0,0.0,-0.999932727813136,0.0,-0.011599131354577609,0.02338012008319617,0.0,0.49917066110876057,0.0
-0.012180761495398484,0.0,0.9999258117727495,0.0,1.0,0.0,-0.9999258117727495,0.0,-0.012180761495398484,0.024552287590774578,0.0,0.4991219322805447,0.0
-0.012779645284192084,0.0,0.9999183369987822,0.0,1.0,0.0,-0.9999183369987822,0.0,-0.012779645284192084,0.02575920547444764,0.0,0.4990710451315947,0.0
-0.013395910673956943,0.0,0.9999102707629397,0.0,1.0,0.0,-0.9999102707629397,0.0,-0.013395910673956943,0.027001129733309464,0.0,0.4990179260282735,0.0
-0.014029680289081317,0.0,0.9999015791921654,0.0,1.0,0.0,-0.9999015791921654,0.0,-0.014029680289081317,0.028278305555374944,0.0,0.4989624993477652,0.0
-0.014681071459267322,0.0,0.9998922272629225,0.0,1.0,0.0,-0.9998922272629225,0.0,-0.014681071459267322,0.029590967385629757,0.0,0.49890468746451977,0.0
-0.01535019625334074,0.0,0.9998821787965739,0.0,1.0,0.0,-0.9998821787965739,0.0,-0.01535019625334074,0.030939338993915436,0.0,0.4988444107389158,0.0
-0.016037161512948036,0.0,0.999871396455868,0.0,1.0,0.0,-0.999871396455868,0.0,-0.016037161512948036,0.032323633542653225,0.0,0.4987815875081606,0.0
-0.01674206888614227,0.0,0.9998598417425373,0.0,1.0,0.0,-0.9998598417425373,0.0,-0.01674206888614227,0.03374405365441055,0.0,0.498716134079441,0.0
-0.017465014860860103,0.0,0.9998474749960166,0.0,1.0,0.0,-0.9998474749960166,0.0,-0.017465014860860103,0.03520079147931482,0.0,0.4986479647253358,0.0
-0.018206090798292066,0.0,0.9998342553932849,0.0,1.0,0.0,-0.9998342553932849,0.0,-0.018206090798292066,0.036694028762319274,0.0,0.4985769916815023,0.0
-0.01896538296614888,0.0,0.9998201409498347,0.0,1.0,0.0,-0.9998201409498347,0.0,-0.01896538296614888,0.03822393691032677,0.0,0.49850312514664036,0.0
-0.019742972571826764,0.0,0.9998050885217719,0.0,1.0,0.0,-0.9998050885217719,0.0,-0.019742972571826764,0.03979067705917736,0.0,0.4984262732847418,0.0
-0.020538935795474913,0.0,0.9997890538090469,0.0,1.0,0.0,-0.9997890538090469,0.0,-0.020538935795474913,0.04139440014050652,0.0,0.49834634222962837,0.0
-0.02135334382296882,0.0,0.9997719913598191,0.0,1.0,0.0,-0.9997719913598191,0.0,-0.02135334382296882,0.043035246948481154,0.0,0.49826323609177636,0.0
-0.02218626287879312,0.0,0.9997538545759517,0.0,1.0,0.0,-0.9997538545759517,0.0,-0.02218626287879312,0.044713348206420936,0.0,0.4981768569674295,0.0
-0.023037754258838212,0.0,0.9997345957196386,0.0,1.0,0.0,-0.9997345957196386,0.0,-0.023037754258838212,0.046428824633313444,0.0,0.49808710494999686,0.0
-0.02390787436311508,0.0,0.9997141659211585,0.0,1.0,0.0,-0.9997141659211585,0.0,-0.02390787436311508,0.0481817870102318,0.0,0.49799387814372786,0.0
-0.02479667472839294,0.0,0.9996925151877523,0.0,1.0,0.0,-0.9996925151877523,0.0,-0.02479667472839294,0.049972336246663994,0.0,0.4978970726796589,0.0
-0.025704202060764753,0.0,0.9996695924136231,0.0,1.0,0.0,-0.9996695924136231,0.0,-0.025704202060764753,0.0518005634467638,0.0,0.49779658273382477,0.0
-0.026630498268145893,0.0,0.9996453453910493,0.0,1.0,0.0,-0.9996453453910493,0.0,-0.026630498268145893,0.053666549975533606,0.0,0.49769230054771985,0.0
-0.0275756004927114,0.0,0.9996197208226069,0.0,1.0,0.0,-0.9996197208226069,0.0,-0.0275756004927114,0.055570367524949704,0.0,0.4975841164509978,0.0
-0.028539541143277763,0.0,0.9995926643344933,0.0,1.0,0.0,-0.9995926643344933,0.0,-0.028539541143277763,0.057512078180041636,0.0,0.49747191888639775,0.0
-0.029522347927635143,0.0,0.9995641204909467,0.0,1.0,0.0,-0.9995641204909467,0.0,-0.029522347927635143,0.05949173448493722,0.0,0.49735559443687793,0.0
-0.030524043884836413,0.0,0.9995340328097471,0.0,1.0,0.0,-0.9995340328097471,0.0,-0.030524043884836413,0.06150937950888513,0.0,0.4972350278549375,0.0
-0.0315446474174496,0.0,0.9995023437787971,0.0,1.0,0.0,-0.9995023437787971,0.0,-0.0315446474174496,0.06356504691226825,0.0,0.49711010209411316,0.0
-0.03258417232378041,0.0,0.9994689948737651,0.0,1.0,0.0,-0.9994689948737651,0.0,-0.03258417232378041,0.06565876101262036,0.0,0.4969806983426216,0.0
-0.033642627830071846,0.0,0.9994339265767834,0.0,1.0,0.0,-0.9994339265767834,0.0,-0.033642627830071846,0.06779053685065968,0.0,0.4968466960591303,0.0
-0.034720018622688406,0.0,0.99939707839619,0.0,1.0,0.0,-0.99939707839619,0.0,-0.034720018622688406,0.06996038025635368,0.0,0.4967079730106311,0.0
-0.03581634488029176,0.0,0.999358388887298,0.0,1.0,0.0,-0.999358388887298,0.0,-0.03581634488029176,0.07216828791502822,0.0,0.4965644053123895,0.0
-0.03693160230601613,0.0,0.9993177956741841,0.0,1.0,0.0,-0.9993177956741841,0.0,-0.03693160230601613,0.07441424743353721,0.0,0.4964158674699446,0.0
-0.03806578215965083,0.0,0.9992752354724769,0.0,1.0,0.0,-0.9992752354724769,0.0,-0.03806578215965083,0.07669823740650614,0.0,0.4962622324231271,0.0
-0.03921887128983799,0.0,0.9992306441131352,0.0,1.0,0.0,-0.9992306441131352,0.0,-0.03921887128983799,0.07902022748266574,0.0,0.4961033715920715,0.0
-0.040390852166293824,0.0,0.9991839565671982,0.0,1.0,0.0,-0.9991839565671982,0.0,-0.040390852166293824,0.08138017843129111,0.0,0.49593915492518514,0.0
-0.04158170291206151,0.0,0.9991351069714911,0.0,1.0,0.0,-0.9991351069714911,0.0,-0.04158170291206151,0.08377804220876174,0.0,0.4957694509490435,0.0
-0.04279139733580439,0.0,0.9990840286552725,0.0,1.0,0.0,-0.9990840286552725,0.0,-0.04279139733580439,0.08621376202525914,0.0,0.49559412682017945,0.0
-0.04401990496414782,0.0,0.9990306541678025,0.0,1.0,0.0,-0.9990306541678025,0.0,-0.04401990496414782,0.08868727241161757,0.0,0.4954130483787281,0.0
-0.04526719107407872,0.0,0.9989749153068174,0.0,1.0,0.0,-0.9989749153068174,0.0,-0.04526719107407872,0.09119849928634542,0.0,0.4952260802038941,0.0
-0.046533216725411275,0.0,0.9989167431478891,0.0,1.0,0.0,-0.9989167431478891,0.0,-0.046533216725411275,0.09374736002283278,0.0,0.49503308567119925,0.0
-0.04781793879332805,0.0,0.9988560680746539,0.0,1.0,0.0,-0.9988560680746539,0.0,-0.04781793879332805,0.09633376351676307,0.0,0.4948339270114783,0.0
-0.04912131000100528,0.0,0.9987928198098869,0.0,1.0,0.0,-0.9987928198098869,0.0,-0.04912131000100528,0.09895761025374492,0.0,0.4946284653715753,0.0
-0.050443278952331555,0.0,0.9987269274474065,0.0,1.0,0.0,-0.9987269274474065,0.0,-0.050443278952331555,0.10161879237718204,0.0,0.494416560876706,0.0
-0.05178379016472885,0.0,0.9986583194847852,0.0,1.0,0.0,-0.9986583194847852,0.0,-0.05178379016472885,0.10431719375639753,0.0,0.4941980726944408,0.0
-0.05314278410208542,0.0,0.9985869238568464,0.0,1.0,0.0,-0.9985869238568464,0.0,-0.05314278410208542,0.10705269005503093,0.0,0.49397285910026645,0.0
-0.054520197207809346,0.0,0.998512667969927,0.0,1.0,0.0,-0.998512667969927,0.0,-0.054520197207809346,0.10982514879972405,0.0,0.4937407775446823,0.0
-0.055915961938012085,0.0,0.998435478736882,0.0,1.0,0.0,-0.998435478736882,0.0,-0.055915961938012085,0.11263442944911341,0.0,0.4935016847217869,0.0
-0.057330006794831585,0.0,0.9983552826128104,0.0,1.0,0.0,-0.9983552826128104,0.0,-0.057330006794831585,0.11548038346314726,0.0,0.49325543663930843,0.0
-0.058762256359903633,0.0,0.9982720056314777,0.0,1.0,0.0,-0.9982720056314777,0.0,-0.058762256359903633,0.11836285437274288,0.0,0.4930018886900322,0.0
-0.06021263132799089,0.0,0.9981855734424133,0.0,1.0,0.0,-0.9981855734424133,0.0,-0.06021263132799089,0.12128167784980236,0.0,0.49274089572457824,0.0
-0.06168104854077882,0.0,0.9980959113486589,0.0,1.0,0.0,-0.9980959113486589,0.0,-0.06168104854077882,0.12423668177760372,0.0,0.49247231212548187,0.0
-0.06316742102084759,0.0,0.9980029443451431,0.0,1.0,0.0,-0.9980029443451431,0.0,-0.06316742102084759,0.1272276863215841,0.0,0.4921959918825264,0.0
-0.06467165800582862,0.0,0.9979065971576584,0.0,1.0,0.0,-0.9979065971576584,0.0,-0.06467165800582862,0.13025450400053143,0.0,0.4919117886692784,0.0
-0.06619366498275539,0.0,0.9978067942824156,0.0,1.0,0.0,-0.9978067942824156,0.0,-0.06619366498275539,0.13331693975820222,0.0,0.49161955592077683,0.0
-0.0677333437226165,0.0,0.9977034600261512,0.0,1.0,0.0,-0.9977034600261512,0.0,-0.0677333437226165,0.13641479103538004,0.0,0.49131914691232287,0.0
-0.06929059231512061,0.0,0.9975965185467618,0.0,1.0,0.0,-0.9975965185467618,0.0,-0.06929059231512061,0.1395478478423929,0.0,0.49101041483932156,0.0
-0.07086530520368108,0.0,0.9974858938944395,0.0,1.0,0.0,-0.9974858938944395,0.0,-0.07086530520368108,0.14271589283210329,0.0,0.4906932128981191,0.0
-0.07245737322062952,0.0,0.9973715100532832,0.0,1.0,0.0,-0.9973715100532832,0.0,-0.07245737322062952,0.1459187013733882,0.0,0.49036739436778615,0.0
-0.07406668362266582,0.0,0.9972532909833589,0.0,1.0,0.0,-0.9972532909833589,0.0,-0.07406668362266582,0.1491560416251229,0.0,0.4900328126927929,0.0
-0.0756931201265535,0.0,0.9971311606631833,0.0,1.0,0.0,-0.9971311606631833,0.0,-0.0756931201265535,0.15242767461068463,0.0,0.4896893215665214,0.0
-0.07733656294506801,0.0,0.997005043132603,0.0,1.0,0.0,-0.997005043132603,0.0,-0.07733656294506801,0.15573335429298946,0.0,0.48933677501556155,0.0
-0.07899688882320566,0.0,0.9968748625360427,0.0,1.0,0.0,-0.9968748625360427,0.0,-0.07899688882320566,0.15907282765007746,0.0,0.4889750274847355,0.0
-0.08067397107466144,0.0,0.9967405431660963,0.0,1.0,0.0,-0.9967405431660963,0.0,-0.08067397107466144,0.16244583475125943,0.0,0.4886039339227953,0.0
-0.08236767961858203,0.0,0.9966020095074315,0.0,1.0,0.0,-0.9966020095074315,0.0,-0.08236767961858203,0.16585210883383816,0.0,0.4882233498687394,0.0
-0.08407788101660214,0.0,0.9964591862809826,0.0,1.0,0.0,-0.9964591862809826,0.0,-0.08407788101660214,0.16929137638041758,0.0,0.48783313153869007,0.0
-0.08580443851017079,0.0,0.9963119984884024,0.0,1.0,0.0,-0.9963119984884024,0.0,-0.08580443851017079,0.172763357196812,0.0,0.4874331359132776,0.0
-0.08754721205817385,0.0,0.9961603714567455,0.0,1.0,0.0,-0.9961603714567455,0.0,-0.08754721205817385,0.1762677644905665,0.0,0.48702322082547334,0.0
-0.08930605837485958,0.0,0.9960042308833563,0.0,1.0,0.0,-0.9960042308833563,0.0,-0.08930605837485958,0.17980430495010047,0.0,0.48660324504881564,0.0
-0.09108083096807346,0.0,0.9958435028809322,0.0,1.0,0.0,-0.9958435028809322,0.0,-0.09108083096807346,0.18337267882448527,0.0,0.4861730683859727,0.0
-0.09287138017780748,0.0,0.9956781140227343,0.0,1.0,0.0,-0.9956781140227343,0.0,-0.09287138017780748,0.1869725800038641,0.0,0.485732551757583,0.0
-0.09467755321507026,0.0,0.9955079913879182,0.0,1.0,0.0,-0.9955079913879182,0.0,-0.09467755321507026,0.19060369610052674,0.0,0.48528155729131756,0.0
-0.0964991942010826,0.0,0.9953330626069555,0.0,1.0,0.0,-0.9953330626069555,0.0,-0.0964991942010826,0.19426570853064504,0.0,0.4848199484111077,0.0
-0.09833614420680348,0.0,0.9951532559071185,0.0,1.0,0.0,-0.9951532559071185,0.0,-0.09833614420680348,0.19795829259667883,0.0,0.4843475899264788,0.0
-0.10018824129279182,0.0,0.9949685001579986,0.0,1.0,0.0,-0.9949685001579986,0.0,-0.10018824129279182,0.20168111757046056,0.0,0.4838643481219334,0.0
-0.10205532054940668,0.0,0.9947787249170329,0.0,1.0,0.0,-0.9947787249170329,0.0,-0.10205532054940668,0.20543384677696253,0.0,0.48337009084632787,0.0
-0.10393721413735173,0.0,0.994583860475006,0.0,1.0,0.0,-0.994583860475006,0.0,-0.10393721413735173,0.2092161376787573,0.0,0.4828646876021826,0.0
-0.10583375132856578,0.0,0.9943838379015033,0.0,1.0,0.0,-0.9943838379015033,0.0,-0.10583375132856578,0.21302764196117227,0.0,0.48234800963486957,0.0
-0.10774475854746401,0.0,0.9941785890902844,0.0,1.0,0.0,-0.9941785890902844,0.0,-0.10774475854746401,0.2168680056181467,0.0,0.48181993002162105,0.0
-0.10967005941253151,0.0,0.9939680468045499,0.0,1.0,0.0,-0.9939680468045499,0.0,-0.10967005941253151,0.22073686903879272,0.0,0.48128032376029983,0.0
-0.11160947477827253,0.0,0.9937521447220721,0.0,1.0,0.0,-0.9937521447220721,0.0,-0.11160947477827253,0.22463386709466537,0.0,0.48072906785787634,0.0
-0.1135628227775166,0.0,0.9935308174801637,0.0,1.0,0.0,-0.9935308174801637,0.0,-0.1135628227775166,0.22855862922774192,0.0,0.48016604141855523,0.0
-0.1155299188640842,0.0,0.9933040007204532,0.0,1.0,0.0,-0.9933040007204532,0.0,-0.1155299188640842,0.23251077953911525,0.0,0.47959112573149265,0.0
-0.11751057585581201,0.0,0.9930716311334422,0.0,1.0,0.0,-0.9930716311334422,0.0,-0.11751057585581201,0.23648993687839842,0.0,0.47900420435805124,0.0
-0.11950460397794008,0.0,0.9928336465028146,0.0,1.0,0.0,-0.9928336465028146,0.0,-0.11950460397794008,0.2404957149338446,0.0,0.47840516321853427,0.0
-0.1215118109068596,0.0,0.9925899857494713,0.0,1.0,0.0,-0.9925899857494713,0.0,-0.1215118109068596,0.244527722323177,0.0,0.47779389067834394,0.0
-0.12353200181422294,0.0,0.9923405889752624,0.0,1.0,0.0,-0.9923405889752624,0.0,-0.12353200181422294,0.24858556268513157,0.0,0.47717027763350833,0.0
-0.12556497941141478,0.0,0.9920853975063896,0.0,1.0,0.0,-0.9920853975063896,0.0,-0.12556497941141478,0.25266883477170765,0.0,0.4765342175955221,0.0
-0.1276105439943831,0.0,0.9918243539364506,0.0,1.0,0.0,-0.9918243539364506,0.0,-0.1276105439943831,0.2567771325411228,0.0,0.47588560677544456,0.0
-0.12966849348883006,0.0,0.9915574021691015,0.0,1.0,0.0,-0.9915574021691015,0.0,-0.12966849348883006,0.2609100452514702,0.0,0.47522434416720405,0.0
-0.13173862349575974,0.0,0.9912844874603065,0.0,1.0,0.0,-0.9912844874603065,0.0,-0.13173862349575974,0.26506715755507104,0.0,0.47455033163005156,0.0
-0.13382072733738154,0.0,0.9910055564601513,0.0,1.0,0.0,-0.9910055564601513,0.0,-0.13382072733738154,0.2692480495935175,0.0,0.4738634739701116,0.0
-0.13591459610336645,0.0,0.9907205572541931,0.0,1.0,0.0,-0.9907205572541931,0.0,-0.13591459610336645,0.2734522970934001,0.0,0.4731636790209782,0.0
-0.13802001869745298,0.0,0.9904294394043196,0.0,1.0,0.0,-0.9904294394043196,0.0,-0.13802001869745298,0.2776794714627093,0.0,0.4724508577233013,0.0
-0.1401367818843998,0.0,0.9901321539890946,0.0,1.0,0.0,-0.9901321539890946,0.0,-0.1401367818843998,0.28192913988790697,0.0,0.47172492420331497,0.0
-0.14226467033728116,0.0,0.989828653643561,0.0,1.0,0.0,-0.989828653643561,0.0,-0.14226467033728116,0.2862008654316552,0.0,0.4709857958502537,0.0
-0.1444034666851202,0.0,0.9895188925984786,0.0,1.0,0.0,-0.9895188925984786,0.0,-0.1444034666851202,0.29049420713119334,0.0,0.47023339339260756,0.0
-0.14655295156085674,0.0,0.9892028267189703,0.0,1.0,0.0,-0.9892028267189703,0.0,-0.14655295156085674,0.2948087200973532,0.0,0.46946764097316523,0.0
-0.14871290364964274,0.0,0.9888804135425537,0.0,1.0,0.0,-0.9888804135425537,0.0,-0.14871290364964274,0.2991439556141988,0.0,0.46868846622279803,0.0
-0.1508830997374618,0.0,0.9885516123165321,0.0,1.0,0.0,-0.9885516123165321,0.0,-0.1508830997374618,0.30349946123928107,0.0,0.46789580033293326,0.0
-0.15306331476006454,0.0,0.9882163840347221,0.0,1.0,0.0,-0.9882163840347221,0.0,-0.15306331476006454,0.3078747809044883,0.0,0.46708957812667196,0.0
-0.15525332185221596,0.0,0.9878746914734946,0.0,1.0,0.0,-0.9878746914734946,0.0,-0.15525332185221596,0.312269455017487,0.0,0.46626973812850203,0.0
-0.15745289239724522,0.0,0.987526499227105,0.0,1.0,0.0,-0.987526499227105,0.0,-0.15745289239724522,0.3166830205637276,0.0,0.4654362226325623,0.0
-0.15966179607689324,0.0,0.9871717737422908,0.0,1.0,0.0,-0.9871717737422908,0.0,-0.15966179607689324,0.32111501120900804,0.0,0.46458897776941027,0.0
-0.16187980092144805,0.0,0.9868104833521137,0.0,1.0,0.0,-0.9868104833521137,0.0,-0.16187980092144805,0.325564957402572,0.0,0.46372795357125063,0.0
-0.1641066733601618,0.0,0.9864425983090254,0.0,1.0,0.0,-0.9864425983090254,0.0,-0.1641066733601618,0.33003238648072797,0.0,0.46285310403558083,0.0
-0.1663421782719398,0.0,0.9860680908171333,0.0,1.0,0.0,-0.9860680908171333,0.0,-0.1663421782719398,0.3345168227709699,0.0,0.46196438718720906,0.0
-0.16858607903629305,0.0,0.9856869350636482,0.0,1.0,0.0,-0.9856869350636482,0.0,-0.16858607903629305,0.3390177876965793,0.0,0.46106176513860486,0.0
-0.1708381375845449,0.0,0.9852991072494911,0.0,1.0,0.0,-0.9852991072494911,0.0,-0.1708381375845449,0.3435347998816901,0.0,0.46014520414854143,0.0
-0.1730981144512827,0.0,0.9849045856190388,0.0,1.0,0.0,-0.9849045856190388,0.0,-0.1730981144512827,0.34806737525679493,0.0,0.4592146746789867,0.0
-0.17536576882604307,0.0,0.9845033504889918,0.0,1.0,0.0,-0.9845033504889918,0.0,-0.17536576882604307,0.35261502716467075,0.0,0.4582701514502097,0.0
-0.17764085860522272,0.0,0.984095384276341,0.0,1.0,0.0,-0.984095384276341,0.0,-0.17764085860522272,0.35717726646670495,0.0,0.4573116134940579,0.0
-0.17992314044420174,0.0,0.9836806715254174,0.0,1.0,0.0,-0.9836806715254174,0.0,-0.17992314044420174,0.36175360164959525,0.0,0.4563390442053728,0.0
-0.18221236980966932,0.0,0.9832591989340066,0.0,1.0,0.0,-0.9832591989340066,0.0,-0.18221236980966932,0.36634353893240124,0.0,0.45535243139150805,0.0
-0.18450830103214025,0.0,0.9828309553785092,0.0,1.0,0.0,-0.9828309553785092,0.0,-0.18450830103214025,0.3709465823739237,0.0,0.45435176731991195,0.0
-0.18681068735865167,0.0,0.9823959319381306,0.0,1.0,0.0,-0.9823959319381306,0.0,-0.18681068735865167,0.3755622339803895,0.0,0.4533370487637438,0.0
-0.18911928100562497,0.0,0.9819541219180841,0.0,1.0,0.0,-0.9819541219180841,0.0,-0.18911928100562497,0.3801899938134103,0.0,0.4523082770454899,0.0
-0.19143383321188417,0.0,0.9815055208717903,0.0,1.0,0.0,-0.9815055208717903,0.0,-0.19143383321188417,0.3848293600981965,0.0,0.45126545807854757,0.0
-0.19375409429181448,0.0,0.9810501266220594,0.0,1.0,0.0,-0.9810501266220594,0.0,-0.19375409429181448,0.3894798293319932,0.0,0.4502086024067491,0.0
-0.19607981368865168,0.0,0.9805879392812373,0.0,1.0,0.0,-0.9805879392812373,0.0,-0.19607981368865168,0.3941408963927178,0.0,0.44913772524179113,0.0
-0.19841074002788556,0.0,0.9801189612703076,0.0,1.0,0.0,-0.9801189612703076,0.0,-0.19841074002788556,0.39881205464776515,0.0,0.44805284649854926,0.0
-0.20074662117076597,0.0,0.9796431973369288,0.0,1.0,0.0,-0.9796431973369288,0.0,-0.20074662117076597,0.4034927960629556,0.0,0.4469539908282427,0.0
-0.20308720426789767,0.0,0.9791606545723992,0.0,1.0,0.0,-0.9791606545723992,0.0,-0.20308720426789767,0.40818261131159905,0.0,0.44584118764942954,0.0
-0.2054322358129089,0.0,0.978671342427533,0.0,1.0,0.0,-0.978671342427533,0.0,-0.2054322358129089,0.4128809898836404,0.0,0.4447144711768045,0.0
-0.20778146169618017,0.0,0.9781752727274385,0.0,1.0,0.0,-0.9781752727274385,0.0,-0.20778146169618017,0.4175874201948634,0.0,0.44357388044777846,0.0
-0.2101346272586186,0.0,0.9776724596851859,0.0,1.0,0.0,-0.9776724596851859,0.0,-0.2101346272586186,0.42230138969611697,0.0,0.442419459346816,0.0
-0.21249147734546314,0.0,0.9771629199143521,0.0,1.0,0.0,-0.9771629199143521,0.0,-0.21249147734546314,0.4270223849825397,0.0,0.44125125662750975,0.0
-0.2148517563601058,0.0,0.9766466724404368,0.0,1.0,0.0,-0.9766466724404368,0.0,-0.2148517563601058,0.43174989190274665,0.0,0.4400693259323755,0.0
-0.21721520831791413,0.0,0.9761237387111356,0.0,1.0,0.0,-0.9761237387111356,0.0,-0.21721520831791413,0.4364833956679513,0.0,0.43887372581034434,0.0
-0.21958157690003843,0.0,0.9755941426054651,0.0,1.0,0.0,-0.9755941426054651,0.0,-0.21958157690003843,0.4412223809609886,0.0,0.4376645197319411,0.0
-0.2219506055071913,0.0,0.9750579104417292,0.0,1.0,0.0,-0.9750579104417292,0.0,-0.2219506055071913,0.4459663320452115,0.0,0.43644177610212787,0.0
-0.22432203731337996,0.0,0.9745150709843202,0.0,1.0,0.0,-0.9745150709843202,0.0,-0.22432203731337996,0.45071473287322433,0.0,0.43520556827080203,0.0
-0.22669561531958018,0.0,0.9739656554493474,0.0,1.0,0.0,-0.9739656554493474,0.0,-0.22669561531958018,0.45546706719542635,0.0,0.4339559745409331,0.0
-0.22907108240733187,0.0,0.9734096975090876,0.0,1.0,0.0,-0.9734096975090876,0.0,-0.22907108240733187,0.4602228186683294,0.0,0.43269307817432984,0.0
-0.23144818139224474,0.0,0.97284723329525,0.0,1.0,0.0,-0.97284723329525,0.0,-0.23144818139224474,0.46498147096262055,0.0,0.4314169673950229,0.0
-0.23382665507739367,0.0,0.9722783014010533,0.0,1.0,0.0,-0.9722783014010533,0.0,-0.23382665507739367,0.46974250787093375,0.0,0.43012773539025734,0.0
-0.23620624630659295,0.0,0.9717029428821079,0.0,1.0,0.0,-0.9717029428821079,0.0,-0.23620624630659295,0.474505413415304,0.0,0.4288254803090867,0.0
-0.23858669801752896,0.0,0.9711212012561009,0.0,1.0,0.0,-0.9711212012561009,0.0,-0.23858669801752896,0.4792696719542663,0.0,0.4275103052585591,0.0
-0.24096775329473832,0.0,0.9705331225012808,0.0,1.0,0.0,-0.9705331225012808,0.0,-0.24096775329473832,0.4840347682895693,0.0,0.4261823182974942,0.0
-0.24334915542241423,0.0,0.9699387550537393,0.0,1.0,0.0,-0.9699387550537393,0.0,-0.24334915542241423,0.4888001877724725,0.0,0.4248416324278451,0.0
-0.24573064793702495,0.0,0.9693381498034883,0.0,1.0,0.0,-0.9693381498034883,0.0,-0.24573064793702495,0.49356541640959134,0.0,0.4234883655836424,0.0
-0.24811197467973023,0.0,0.9687313600893309,0.0,1.0,0.0,-0.9687313600893309,0.0,-0.24811197467973023,0.4983299409682633,0.0,0.4221226406175188,0.0
-0.25049287984857754,0.0,0.9681184416925266,0.0,1.0,0.0,-0.9681184416925266,0.0,-0.25049287984857754,0.5030932490813982,0.0,0.4207445852848169,0.0
-0.25287310805046354,0.0,0.9674994528292502,0.0,1.0,0.0,-0.9674994528292502,0.0,-0.25287310805046354,0.5078548293517827,0.0,0.419354332225278,0.0
-0.25525240435284524,0.0,0.9668744541418455,0.0,1.0,0.0,-0.9668744541418455,0.0,-0.25525240435284524,0.5126141714558081,0.0,0.4179520189423166,0.0
-0.2576305143351856,0.0,0.9662435086888749,0.0,1.0,0.0,-0.9662435086888749,0.0,-0.2576305143351856,0.5173707662465914,0.0,0.41653778777988365,0.0
-0.26000718414011553,0.0,0.9656066819339684,0.0,1.0,0.0,-0.9656066819339684,0.0,-0.26000718414011553,0.5221241058564512,0.0,0.4151117858969255,0.0
-0.2623821605243008,0.0,0.9649640417334732,0.0,1.0,0.0,-0.9649640417334732,0.0,-0.2623821605243008,0.5268736837987193,0.0,0.41367416523944334,0.0
-0.2647551909089962,0.0,0.9643156583229068,0.0,1.0,0.0,-0.9643156583229068,0.0,-0.2647551909089962,0.531618995068848,0.0,0.4122250825101586,0.0
-0.267126023430272,0.0,0.9636616043022207,0.0,1.0,0.0,-0.9636616043022207,0.0,-0.267126023430272,0.536359536244787,0.0,0.4107646991358003,0.0
-0.2694944069888973,0.0,0.9630019546198765,0.0,1.0,0.0,-0.9630019546198765,0.0,-0.2694944069888973,0.5410948055865975,0.0,0.40929318123201863,0.0
-0.27186009129987,0.0,0.9623367865557392,0.0,1.0,0.0,-0.9623367865557392,0.0,-0.27186009129987,0.5458243031352814,0.0,0.40781069956593524,0.0
-0.2742228269415711,0.0,0.9616661797027974,0.0,1.0,0.0,-0.9616661797027974,0.0,-0.2742228269415711,0.5505475308107861,0.0,0.40631742951635097,0.0
-0.2765823654045354,0.0,0.960990215947713,0.0,1.0,0.0,-0.960990215947713,0.0,-0.2765823654045354,0.5552639925091635,0.0,0.40481355103161587,0.0
-0.2789384591398239,0.0,0.9603089794502084,0.0,1.0,0.0,-0.9603089794502084,0.0,-0.2789384591398239,0.5599731941988563,0.0,0.4032992485851822,0.0
-0.2812908616069801,0.0,0.9596225566213014,0.0,1.0,0.0,-0.9596225566213014,0.0,-0.2812908616069801,0.5646746440160784,0.0,0.40177471112885443,0.0
-0.283639327321562,0.0,0.9589310361003922,0.0,1.0,0.0,-0.9589310361003922,0.0,-0.283639327321562,0.5693678523592705,0.0,0.4002401320437563,0.0
-0.285983611902232,0.0,0.9582345087312153,0.0,1.0,0.0,-0.9582345087312153,0.0,-0.285983611902232,0.5740523319825951,0.0,0.3986957090890304,0.0
-0.28832347211739545,0.0,0.9575330675366619,0.0,1.0,0.0,-0.9575330675366619,0.0,-0.28832347211739545,0.5787275980884566,0.0,0.39714164434829174,0.0
-0.2906586659313723,0.0,0.9568268076924867,0.0,1.0,0.0,-0.9568268076924867,0.0,-0.2906586659313723,0.5833931684190107,0.0,0.3955781441738579,0.0
-0.29298895255009205,0.0,0.9561158264999068,0.0,1.0,0.0,-0.9561158264999068,0.0,-0.29298895255009205,0.5880485633466485,0.0,0.3940054191287746,0.0
-0.2953140924662986,0.0,0.9554002233571052,0.0,1.0,0.0,-0.9554002233571052,0.0,-0.2953140924662986,0.5926933059634262,0.0,0.39242368392666344,0.0
-0.29763384750425276,0.0,0.9546800997296504,0.0,1.0,0.0,-0.9546800997296504,0.0,-0.29763384750425276,0.5973269221694172,0.0,0.3908331573694125,0.0
-0.29994798086392505,0.0,0.9539555591198441,0.0,1.0,0.0,-0.9539555591198441,0.0,-0.29994798086392505,0.6019489407599732,0.0,0.3892340622827376,0.0
-0.3022562571646616,0.0,0.9532267070350106,0.0,1.0,0.0,-0.9532267070350106,0.0,-0.3022562571646616,0.6065588935118582,0.0,0.3876266254496418,0.0
-0.3045584424883193,0.0,0.9524936509547395,0.0,1.0,0.0,-0.9524936509547395,0.0,-0.3045584424883193,0.611156315268252,0.0,0.3860110775417961,0.0
-0.3068543044218551,0.0,0.9517565002970978,0.0,1.0,0.0,-0.9517565002970978,0.0,-0.3068543044218551,0.6157407440225899,0.0,0.38438765304887407,0.0
-0.30914361209936375,0.0,0.9510153663838236,0.0,1.0,0.0,-0.9510153663838236,0.0,-0.30914361209936375,0.6203117210012306,0.0,0.3827565902058684,0.0
-0.3114261362435519,0.0,0.9502703624045173,0.0,1.0,0.0,-0.9502703624045173,0.0,-0.3114261362435519,0.6248687907449265,0.0,0.38111813091841873,0.0
-0.3137016492066406,0.0,0.9495216033798461,0.0,1.0,0.0,-0.9495216033798461,0.0,-0.3137016492066406,0.6294115011890851,0.0,0.37947252068618376,0.0
-0.31596992501068993,0.0,0.9487692061237754,0.0,1.0,0.0,-0.9487692061237754,0.0,-0.31596992501068993,0.6339394037428037,0.0,0.3778200085242883,0.0
-0.31823073938733465,0.0,0.9480132892048456,0.0,1.0,0.0,-0.9480132892048456,0.0,-0.31823073938733465,0.6384520533666633,0.0,0.3761608468828799,0.0
-0.3204838698169264,0.0,0.9472539729065101,0.0,1.0,0.0,-0.9472539729065101,0.0,-0.3204838698169264,0.6429490086492673,0.0,0.37449529156482647,0.0
-0.32272909556707247,0.0,0.9464913791865509,0.0,1.0,0.0,-0.9464913791865509,0.0,-0.32272909556707247,0.6474298318825092,0.0,0.3728236016415941,0.0
-0.3249661977305702,0.0,0.9457256316355902,0.0,1.0,0.0,-0.9457256316355902,0.0,-0.3249661977305702,0.6518940891355687,0.0,0.37114603936733614,0.0
-0.3271949592627227,0.0,0.9449568554347152,0.0,1.0,0.0,-0.9449568554347152,0.0,-0.3271949592627227,0.6563413503276059,0.0,0.36946287009123124,0.0
-0.3294151650180403,0.0,0.9441851773122354,0.0,1.0,0.0,-0.9441851773122354,0.0,-0.3294151650180403,0.6607711892991669,0.0,0.36777436216811077,0.0
-0.3316266017863145,0.0,0.9434107254995892,0.0,1.0,0.0,-0.9434107254995892,0.0,-0.3316266017863145,0.6651831838822722,0.0,0.3660807868674073,0.0
-0.33382905832806464,0.0,0.9426336296864215,0.0,1.0,0.0,-0.9426336296864215,0.0,-0.33382905832806464,0.669576915969192,0.0,0.3643824182804708,0.0
-0.3360223254093543,0.0,0.9418540209748483,0.0,1.0,0.0,-0.9418540209748483,0.0,-0.3360223254093543,0.6739519715799005,0.0,0.36267953322628116,0.0
-0.3382061958359679,0.0,0.941072031832932,0.0,1.0,0.0,-0.941072031832932,0.0,-0.3382061958359679,0.6783079409281954,0.0,0.36097241115561074,0.0
-0.3403804644869534,0.0,0.9402877960473834,0.0,1.0,0.0,-0.9402877960473834,0.0,-0.3403804644869534,0.6826444184864915,0.0,0.3592613340536635,0.0
-0.34254492834752226,0.0,0.9395014486755148,0.0,1.0,0.0,-0.9395014486755148,0.0,-0.34254492834752226,0.6869610030492741,0.0,0.35754658634124314,0.0
-0.3446993865413083,0.0,0.93871312599646,0.0,1.0,0.0,-0.93871312599646,0.0,-0.3446993865413083,0.6912572977952169,0.0,0.3558284547744833,0.0
-0.34684364036198306,0.0,0.9379229654616883,0.0,1.0,0.0,-0.9379229654616883,0.0,-0.34684364036198306,0.6955329103479594,0.0,0.35410722834319086,0.0
-0.34897749330422667,0.0,0.9371311056448284,0.0,1.0,0.0,-0.9371311056448284,0.0,-0.34897749330422667,0.6997874528355438,0.0,0.3523831981678369,0.0
-0.35110075109405753,0.0,0.9363376861908255,0.0,1.0,0.0,-0.9363376861908255,0.0,-0.35110075109405753,0.7040205419485195,0.0,0.35065665739524343,0.0
-0.353213221718515,0.0,0.9355428477644555,0.0,1.0,0.0,-0.9355428477644555,0.0,-0.353213221718515,0.708231798996706,0.0,0.34892790109301053,0.0
-0.35531471545470517,0.0,0.9347467319982146,0.0,1.0,0.0,-0.9347467319982146,0.0,-0.35531471545470517,0.7124208499646318,0.0,0.3471972261427231,0.0
-0.35740504489820013,0.0,0.9339494814396095,0.0,1.0,0.0,-0.9339494814396095,0.0,-0.35740504489820013,0.7165873255656375,0.0,0.3454649311319895,0.0
-0.3594840249908064,0.0,0.933151239497869,0.0,1.0,0.0,-0.933151239497869,0.0,-0.3594840249908064,0.720730861294668,0.0,0.3437313162453479,0.0
-0.3615514730476913,0.0,0.9323521503901004,0.0,1.0,0.0,-0.9323521503901004,0.0,-0.3615514730476913,0.7248510974797419,0.0,0.3419966831540958,0.0
-0.3636072087838828,0.0,0.9315523590869135,0.0,1.0,0.0,-0.9315523590869135,0.0,-0.3636072087838828,0.7289476793321231,0.0,0.3402613349050805,0.0
-0.36565105434013856,0.0,0.9307520112575342,0.0,1.0,0.0,-0.9307520112575342,0.0,-0.36565105434013856,0.7330202569951906,0.0,0.3385255758085004,0.0
-0.3676828343081926,0.0,0.9299512532144328,0.0,1.0,0.0,-0.9299512532144328,0.0,-0.3676828343081926,0.7370684855920251,0.0,0.3367897113247637,0.0
-0.3697023757553851,0.0,0.9291502318574881,0.0,1.0,0.0,-0.9291502318574881,0.0,-0.3697023757553851,0.7410920252717232,0.0,0.3350540479504485,0.0
-0.37170950824867627,0.0,0.9283490946177129,0.0,1.0,0.0,-0.9283490946177129,0.0,-0.37170950824867627,0.7450905412544456,0.0,0.33331889310341667,0.0
-0.37370406387805805,0.0,0.9275479894005616,0.0,1.0,0.0,-0.9275479894005616,0.0,-0.37370406387805805,0.7490637038752235,0.0,0.3315845550071201,0.0
-0.3756858772793623,0.0,0.9267470645288476,0.0,1.0,0.0,-0.9267470645288476,0.0,-0.3756858772793623,0.753011188626528,0.0,0.3298513425741557,0.0
-0.3776547856564795,0.0,0.92594646868529,0.0,1.0,0.0,-0.92594646868529,0.0,-0.3776547856564795,0.7569326761996262,0.0,0.32811956528911046,0.0
-0.3796106288029921,0.0,0.9251463508547159,0.0,1.0,0.0,-0.9251463508547159,0.0,-0.3796106288029921,0.7608278525247388,0.0,0.3263895330907454,0.0
-0.3815532491232315,0.0,0.9243468602659421,0.0,1.0,0.0,-0.9243468602659421,0.0,-0.3815532491232315,0.7646964088100147,0.0,0.3246615562535684,0.0
-0.38348249165276665,0.0,0.9235481463333602,0.0,1.0,0.0,-0.9235481463333602,0.0,-0.38348249165276665,0.7685380415793436,0.0,0.32293594526884206,0.0
-0.38539820407833764,0.0,0.9227503585982463,0.0,1.0,0.0,-0.9227503585982463,0.0,-0.38539820407833764,0.7723524527090321,0.0,0.3212130107250719,0.0
-0.3873002367572394,0.0,0.9219536466698238,0.0,1.0,0.0,-0.9219536466698238,0.0,-0.3873002367572394,0.7761393494633569,0.0,0.31949306318802734,0.0
-0.38918844273616865,0.0,0.9211581601661009,0.0,1.0,0.0,-0.9211581601661009,0.0,-0.38918844273616865,0.7798984445290231,0.0,0.3177764130803409,0.0
-0.39106267776954423,0.0,0.9203640486545058,0.0,1.0,0.0,-0.9203640486545058,0.0,-0.39106267776954423,0.7836294560485464,0.0,0.31606337056073297,0.0
-0.3929228003373119,0.0,0.9195714615923468,0.0,1.0,0.0,-0.9195714615923468,0.0,-0.3929228003373119,0.7873321076525885,0.0,0.3143542454029112,0.0
-0.39476867166224966,0.0,0.9187805482671164,0.0,1.0,0.0,-0.9187805482671164,0.0,-0.39476867166224966,0.7910061284912739,0.0,0.31264934687418866,0.0
-0.3966001557267744,0.0,0.917991457736671,0.0,1.0,0.0,-0.917991457736671,0.0,-0.3966001557267744,0.7946512532644957,0.0,0.31094898361387846,0.0
-0.3984171192892824,0.0,0.9172043387693005,0.0,1.0,0.0,-0.9172043387693005,0.0,-0.3984171192892824,0.7982672222512737,0.0,0.3092534635114958,0.0
-0.40021943190001297,0.0,0.9164193397837209,0.0,1.0,0.0,-0.9164193397837209,0.0,-0.40021943190001297,0.8018537813381464,0.0,0.3075630935848323,0.0
-0.40200696591647367,0.0,0.915636608789006,0.0,1.0,0.0,-0.915636608789006,0.0,-0.40200696591647367,0.8054106820466771,0.0,0.30587817985793453,0.0
-0.4037795965184177,0.0,0.9148562933244891,0.0,1.0,0.0,-0.9148562933244891,0.0,-0.4037795965184177,0.8089376815600542,0.0,0.3041990272390488,0.0
-0.4055372017224085,0.0,0.9140785403996522,0.0,1.0,0.0,-0.9140785403996522,0.0,-0.4055372017224085,0.8124345427488578,0.0,0.3025259393985641,0.0
-0.40727966239597324,0.0,0.9133034964340289,0.0,1.0,0.0,-0.9133034964340289,0.0,-0.40727966239597324,0.8159010341960005,0.0,0.3008592186470098,0.0
-0.409006862271366,0.0,0.9125313071971459,0.0,1.0,0.0,-0.9125313071971459,0.0,-0.409006862271366,0.8193369302208815,0.0,0.29919916581315237,0.0
