0.0,0.0,1.0,0.0,1.0,0.0,-1.0,0.0,0.0,0.0,0.0,0.5,0.0
0.0,0.0,1.0,0.0,1.0,0.0,-1.0,0.0,0.0,5.0303744698241104e-08,0.0,0.5000000226002331,0.0
0.0,0.0,1.0,0.0,1.0,0.0,-1.0,0.0,0.0,4.0142169880592016e-07,0.0,0.5000001803488792,0.0
-1.9585505999254943e-06,0.0,0.9999999999980821,0.0,1.0,0.0,-0.9999999999980821,0.0,-1.9585505999254943e-06,1.3514005085007767e-06,0.0,0.5000006071493626,0.0
-4.630831641992027e-06,0.0,0.9999999999892777,0.0,1.0,0.0,-0.9999999999892777,0.0,-4.630831641992027e-06,3.1952771568911963e-06,0.0,0.5000014355504107,0.0
-9.02185276755352e-06,0.0,0.9999999999593031,0.0,1.0,0.0,-0.9999999999593031,0.0,-9.02185276755352e-06,6.225091025647923e-06,0.0,0.5000027967462771,0.0
-1.5550519171082303e-05,0.0,0.9999999998790907,0.0,1.0,0.0,-0.9999999998790907,0.0,-1.5550519171082303e-05,1.0729895709924393e-05,0.0,0.5000048205775156,0.0
-2.46314168439493e-05,0.0,0.9999999996966467,0.0,1.0,0.0,-0.9999999996966467,0.0,-2.46314168439493e-05,1.699577166186118e-05,0.0,0.5000076355299078,0.0
-3.667482723975314e-05,0.0,0.9999999993274785,0.0,1.0,0.0,-0.9999999993274785,0.0,-3.667482723975314e-05,2.530583927708938e-05,0.0,0.5000113687324045,0.0
-5.208674193886314e-05,0.0,0.9999999986434857,0.0,1.0,0.0,-0.9999999986434857,0.0,-5.208674193886314e-05,3.5940272457262614e-05,0.0,0.5000161459540061,0.0
-7.12688773117502e-05,0.0,0.9999999974603736,0.0,1.0,0.0,-0.9999999974603736,0.0,-7.12688773117502e-05,4.9176312629291044e-05,0.0,0.5000220915996244,0.0
-9.461868918055494e-05,0.0,0.9999999955236518,0.0,1.0,0.0,-0.9999999955236518,0.0,-9.461868918055494e-05,6.528828320251903e-05,0.0,0.5000293287049657,0.0
-0.0001225293874782053,0.0,0.9999999924932745,0.0,1.0,0.0,-0.9999999924932745,0.0,-0.0001225293874782053,8.454760444485535e-05,0.0,0.5000379789304776,0.0
-0.00015538995090424898,0.0,0.9999999879269815,0.0,1.0,0.0,-0.9999999879269815,0.0,-0.00015538995090424898,0.0001072228087596587,0.0,0.5000481625543975,0.0
-0.00019358514157640863,0.0,0.9999999812623963,0.0,1.0,0.0,-0.9999999812623963,0.0,-0.00019358514157640863,0.00013357955634486613,0.0,0.5000599984649421,0.0
-0.0002374955196767034,0.0,0.9999999717979386,0.0,1.0,0.0,-0.9999999717979386,0.0,-0.0002374955196767034,0.00016388065121594476,0.0,0.5000736041516775,0.0
-0.0002874974580908078,0.0,0.9999999586726049,0.0,1.0,0.0,-0.9999999586726049,0.0,-0.0002874974580908078,0.00019838605757512655,0.0,0.5000890956961056,0.0
-0.00034396315703914083,0.0,0.9999999408446716,0.0,1.0,0.0,-0.9999999408446716,0.0,-0.00034396315703914083,0.00023735291650881537,0.0,0.5001065877615055,0.0
-0.00040726065869799773,0.0,0.9999999170693745,0.0,1.0,0.0,-0.9999999170693745,0.0,-0.00040726065869799773,0.0002810355629955166,0.0,0.5001261935820648,0.0
-0.00047775386180884453,0.0,0.9999998858756173,0.0,1.0,0.0,-0.9999998858756173,0.0,-0.00047775386180884453,0.0003296855432067465,0.0,0.5001480249513367,0.0
-0.0005558025362737161,0.0,0.9999998455417584,0.0,1.0,0.0,-0.9999998455417584,0.0,-0.0005558025362737161,0.00038355163208377295,0.0,0.5001721922100582,0.0
-0.0006417623377344548,0.0,0.9999997940705297,0.0,1.0,0.0,-0.9999997940705297,0.0,-0.0006417623377344548,0.00044287985117255255,0.0,0.5001988042333632,0.0
-0.0007359848221333456,0.0,0.9999997291631341,0.0,1.0,0.0,-0.9999997291631341,0.0,-0.0007359848221333456,0.0005079134867004482,0.0,0.5002279684174239,0.0
-0.0008388174602525044,0.0,0.9999996481925723,0.0,1.0,0.0,-0.9999996481925723,0.0,-0.0008388174602525044,0.0005788931078768291,0.0,0.5002597906655532,0.0
-0.0009506036522291885,0.0,0.9999995481762461,0.0,1.0,0.0,-0.9999995481762461,0.0,-0.0009506036522291885,0.0006560565854018352,0.0,0.5002943753738008,0.0
-0.0010716827420440037,0.0,0.9999994257478854,0.0,1.0,0.0,-0.9999994257478854,0.0,-0.0010716827420440037,0.0007396391101659003,0.0,0.5003318254160746,0.0
-0.0012023900319788011,0.0,0.9999992771288442,0.0,1.0,0.0,-0.9999992771288442,0.0,-0.0012023900319788011,0.000829873212123678,0.0,0.5003722421288159,0.0
-0.0013430567970408596,0.0,0.9999990980988133,0.0,1.0,0.0,-0.9999990980988133,0.0,-0.0013430567970408596,0.0009269887793260808,0.0,0.5004157252952638,0.0
-0.0014940102993497935,0.0,0.9999988839659899,0.0,1.0,0.0,-0.9999988839659899,0.0,-0.0014940102993497935,0.0010312130770944873,0.0,0.5004623731293315,0.0
-0.001655573802483399,0.0,0.9999986295367532,0.0,1.0,0.0,-0.9999986295367532,0.0,-0.001655573802483399,0.0011427707673200456,0.0,0.5005122822591296,0.0
-0.001828066585778552,0.0,0.999998329084883,0.0,1.0,0.0,-0.999998329084883,0.0,-0.001828066585778552,0.0012618839278734854,0.0,0.5005655477101606,0.0
-0.002011803958583024,0.0,0.9999979763203685,0.0,1.0,0.0,-0.9999979763203685,0.0,-0.002011803958583024,0.001388772072108063,0.0,0.500622262888215,0.0
-0.002207097274453988,0.0,0.9999975643578444,0.0,1.0,0.0,-0.9999975643578444,0.0,-0.002207097274453988,0.001523652168441497,0.0,0.5006825195619934,0.0
-0.0024142539452987727,0.0,0.9999970856846971,0.0,1.0,0.0,-0.9999970856846971,0.0,-0.0024142539452987727,0.00166673866000004,0.0,0.5007464078454836,0.0
-0.0026335774554533354,0.0,0.99999653212888,0.0,1.0,0.0,-0.99999653212888,0.0,-0.0026335774554533354,0.0018182434843100153,0.0,0.5008140161801177,0.0
-0.0028653673756937337,0.0,0.9999958948264749,0.0,1.0,0.0,-0.9999958948264749,0.0,-0.0028653673756937337,0.001978376093021462,0.0,0.5008854313167327,0.0
-0.00310991937717575,0.0,0.9999951641890412,0.0,1.0,0.0,-0.9999951641890412,0.0,-0.00310991937717575,0.0021473434716484897,0.0,0.5009607382973629,0.0
-0.0033675252452977245,0.0,0.999994329870786,0.0,1.0,0.0,-0.999994329870786,0.0,-0.0033675252452977245,0.0023253501593117833,0.0,0.5010400204368846,0.0
-0.003638472893481512,0.0,0.9999933807355944,0.0,1.0,0.0,-0.9999933807355944,0.0,-0.003638472893481512,0.002512598268467978,0.0,0.5011233593045394,0.0
-0.003923046376866369,0.0,0.9999923048239546,0.0,1.0,0.0,-0.9999923048239546,0.0,-0.003923046376866369,0.0027092875046118613,0.0,0.5012108347053572,0.0
-0.004221525905910468,0.0,0.9999910893198127,0.0,1.0,0.0,-0.9999910893198127,0.0,-0.004221525905910468,0.002915615185936276,0.0,0.501302524661503,0.0
-0.004534187859894689,0.0,0.9999897205173917,0.0,1.0,0.0,-0.9999897205173917,0.0,-0.004534187859894689,0.003131776262935922,0.0,0.5013985053935676,0.0
-0.004861304800323205,0.0,0.9999881837880077,0.0,1.0,0.0,-0.9999881837880077,0.0,-0.004861304800323205,0.0033579633379406276,0.0,0.5014988513018255,0.0
-0.00520314548421531,0.0,0.9999864635469172,0.0,1.0,0.0,-0.9999864635469172,0.0,-0.00520314548421531,0.003594366684564224,0.0,0.5016036349474796,0.0
-0.005559974877282937,0.0,0.999984543220226,0.0,1.0,0.0,-0.999984543220226,0.0,-0.005559974877282937,0.0038411742670551646,0.0,0.5017129270339137,0.0
-0.005932054166988163,0.0,0.9999824052118916,0.0,1.0,0.0,-0.9999824052118916,0.0,-0.005932054166988163,0.004098571759535426,0.0,0.5018267963879716,0.0
-0.006319640775475054,0.0,0.9999800308708514,0.0,1.0,0.0,-0.9999800308708514,0.0,-0.006319640775475054,0.0043667425651138505,0.0,0.5019453099412847,0.0
-0.006722988372370079,0.0,0.9999774004583029,0.0,1.0,0.0,-0.9999774004583029,0.0,-0.006722988372370079,0.00464586783486147,0.0,0.5020685327116637,0.0
-0.0071423468874453715,0.0,0.9999744931151691,0.0,1.0,0.0,-0.9999744931151691,0.0,-0.0071423468874453715,0.004936126486634898,0.0,0.5021965277845747,0.0
-0.007577962523139106,0.0,0.9999712868297759,0.0,1.0,0.0,-0.9999712868297759,0.0,-0.007577962523139106,0.005237695223735464,0.0,0.5023293562947184,0.0
-0.008030077766927143,0.0,0.9999677584057683,0.0,1.0,0.0,-0.9999677584057683,0.0,-0.008030077766927143,0.005550748553391541,0.0,0.5024670774077276,0.0
-0.008498931403540258,0.0,0.9999638834302956,0.0,1.0,0.0,-0.9999638834302956,0.0,-0.008498931403540258,0.0058754588050511335,0.0,0.5026097483020014,0.0
-0.008984758527021238,0.0,0.9999596362424891,0.0,1.0,0.0,-0.9999596362424891,0.0,-0.008984758527021238,0.006211996148473042,0.0,0.502757424150694,0.0
-0.009487790552616034,0.0,0.9999549899022604,0.0,1.0,0.0,-0.9999549899022604,0.0,-0.009487790552616034,0.006560528611604342,0.0,0.5029101581038706,0.0
-0.010008255228493456,0.0,0.9999499161594452,0.0,1.0,0.0,-0.9999499161594452,0.0,-0.010008255228493456,0.006921222098232481,0.0,0.5030680012708502,0.0
-0.010546376647287647,0.0,0.9999443854233162,0.0,1.0,0.0,-0.9999443854233162,0.0,-0.010546376647287647,0.007294240405400452,0.0,0.5032310027027473,0.0
-0.011102375257457857,0.0,0.9999383667324915,0.0,1.0,0.0,-0.9999383667324915,0.0,-0.011102375257457857,0.007679745240573564,0.0,0.5033992093752311,0.0
-0.011676467874460106,0.0,0.9999318277252588,0.0,1.0,0.0,-0.9999318277252588,0.0,-0.011676467874460106,0.008077896238547249,0.0,0.5035726661715112,0.0
-0.012268867691725142,0.0,0.999924734610342,0.0,1.0,0.0,-0.999924734610342,0.0,-0.012268867691725142,0.008488850978084318,0.0,0.5037514158655708,0.0
-0.01287978429143758,0.0,0.9999170521381291,0.0,1.0,0.0,-0.9999170521381291,0.0,-0.01287978429143758,0.008912764998271913,0.0,0.5039354991056547,0.0
-0.013509423655110906,0.0,0.9999087435723856,0.0,1.0,0.0,-0.9999087435723856,0.0,-0.013509423655110906,0.009349791814587,0.0,0.5041249543980304,0.0
-0.014157988173953256,0.0,0.999899770662473,0.0,1.0,0.0,-0.999899770662473,0.0,-0.014157988173953256,0.009800082934661105,0.0,0.5043198180910319,0.0
-0.014825676659019056,0.0,0.9998900936160945,0.0,1.0,0.0,-0.9998900936160945,0.0,-0.014825676659019056,0.010263787873733858,0.0,0.5045201243594011,0.0
-0.015512684351141599,0.0,0.9998796710725856,0.0,1.0,0.0,-0.9998796710725856,0.0,-0.015512684351141599,0.010741054169786176,0.0,0.5047259051889379,0.0
-0.01621920293064188,0.0,0.9998684600767717,0.0,1.0,0.0,-0.9998684600767717,0.0,-0.01621920293064188,0.011232027398343686,0.0,0.5049371903614714,0.0
-0.01694542052680923,0.0,0.9998564160534099,0.0,1.0,0.0,-0.9998564160534099,0.0,-0.01694542052680923,0.011736851186941299,0.0,0.5051540074401637,0.0
-0.017691521727149138,0.0,0.9998434927822343,0.0,1.0,0.0,-0.9998434927822343,0.0,-0.017691521727149138,0.012255667229240281,0.0,0.5053763817551579,0.0
-0.018457687586394256,0.0,0.9998296423736212,0.0,1.0,0.0,-0.9998296423736212,0.0,-0.018457687586394256,0.012788615298789479,0.0,0.5056043363895808,0.0
-0.019244095635274423,0.0,0.9998148152448935,0.0,1.0,0.0,-0.9998148152448935,0.0,-0.019244095635274423,0.013335833262422379,0.0,0.5058378921659116,0.0
-0.02005091988904187,0.0,0.9997989600972804,0.0,1.0,0.0,-0.9997989600972804,0.0,-0.02005091988904187,0.013897457093281959,0.0,0.5060770676327264,0.0
-0.020878330855747838,0.0,0.9997820238935474,0.0,1.0,0.0,-0.9997820238935474,0.0,-0.020878330855747838,0.014473620883466308,0.0,0.5063218790518296,0.0
-0.021726495544267428,0.0,0.9997639518363147,0.0,1.0,0.0,-0.9997639518363147,0.0,-0.021726495544267428,0.01506445685628696,0.0,0.50657234038578,0.0
-0.022595577472068935,0.0,0.9997446873470764,0.0,1.0,0.0,-0.9997446873470764,0.0,-0.022595577472068935,0.01567009537813387,0.0,0.5068284632858241,0.0
-0.023485736672725216,0.0,0.9997241720459396,0.0,1.0,0.0,-0.9997241720459396,0.0,-0.023485736672725216,0.01629066496993914,0.0,0.5070902570802431,0.0
-0.024397129703163732,0.0,0.9997023457320919,0.0,1.0,0.0,-0.9997023457320919,0.0,-0.024397129703163732,0.01692629231823448,0.0,0.5073577287631242,0.0
-0.02532990965065305,0.0,0.9996791463650173,0.0,1.0,0.0,-0.9996791463650173,0.0,-0.02532990965065305,0.01757710228579524,0.0,0.5076308829835644,0.0
-0.026284226139523265,0.0,0.9996545100464692,0.0,1.0,0.0,-0.9996545100464692,0.0,-0.026284226139523265,0.0182432179218656,0.0,0.5079097220353159,0.0
-0.027260225337618377,0.0,0.9996283710032156,0.0,1.0,0.0,-0.9996283710032156,0.0,-0.027260225337618377,0.01892476047195986,0.0,0.5081942458468804,0.0
-0.02825804996247859,0.0,0.9996006615705684,0.0,1.0,0.0,-0.9996006615705684,0.0,-0.02825804996247859,0.019621849387234033,0.0,0.5084844519720605,0.0
-0.029277839287251237,0.0,0.99957131217671,0.0,1.0,0.0,-0.99957131217671,0.0,-0.029277839287251237,0.020334602333423248,0.0,0.5087803355809778,0.0
-0.03031972914632868,0.0,0.9995402513278259,0.0,1.0,0.0,-0.9995402513278259,0.0,-0.03031972914632868,0.02106313519934077,0.0,0.5090818894515617,0.0
-0.0313838519407124,0.0,0.9995074055940574,0.0,1.0,0.0,-0.9995074055940574,0.0,-0.0313838519407124,0.021807562104933776,0.0,0.5093891039615205,0.0
-0.032470336643102345,0.0,0.9994726995962839,0.0,1.0,0.0,-0.9994726995962839,0.0,-0.032470336643102345,0.0225679954088926,0.0,0.5097019670807976,0.0
-0.03357930880271119,0.0,0.999436055993745,0.0,1.0,0.0,-0.999436055993745,0.0,-0.03357930880271119,0.023344545715809784,0.0,0.5100204643645245,0.0
-0.034710890549803086,0.0,0.9993973954725115,0.0,1.0,0.0,-0.9993973954725115,0.0,-0.034710890549803086,0.02413732188288557,0.0,0.5103445789464719,0.0
-0.03586520059995727,0.0,0.9993566367348169,0.0,1.0,0.0,-0.9993566367348169,0.0,-0.03586520059995727,0.024946431026177288,0.0,0.5106742915330104,0.0
-0.03704235425805665,0.0,0.9993136964892558,0.0,1.0,0.0,-0.9993136964892558,0.0,-0.03704235425805665,0.025771978526389783,0.0,0.511009580397584,0.0
-0.0382424634220023,0.0,0.9992684894418601,0.0,1.0,0.0,-0.9992684894418601,0.0,-0.0382424634220023,0.02661406803420496,0.0,0.5113504213757042,0.0
-0.039465636586154554,0.0,0.9992209282880586,0.0,1.0,0.0,-0.9992209282880586,0.0,-0.039465636586154554,0.027472801475148467,0.0,0.5116967878604683,0.0
-0.040711978844502374,0.0,0.9991709237055314,0.0,1.0,0.0,-0.9991709237055314,0.0,-0.040711978844502374,0.02834827905399191,0.0,0.5120486507986124,0.0
-0.04198159189356221,0.0,0.9991183843479622,0.0,1.0,0.0,-0.9991183843479622,0.0,-0.04198159189356221,0.029240599258689645,0.0,0.5124059786870981,0.0
-0.04327457403500855,0.0,0.9990632168396996,0.0,1.0,0.0,-0.9990632168396996,0.0,-0.04327457403500855,0.030149858863849036,0.0,0.5127687375702453,0.0
-0.044591020178038225,0.0,0.9990053257713303,0.0,1.0,0.0,-0.9990053257713303,0.0,-0.044591020178038225,0.031076152933733992,0.0,0.5131368910374098,0.0
-0.04593102184147131,0.0,0.998944613696174,0.0,1.0,0.0,-0.998944613696174,0.0,-0.04593102184147131,0.03201957482480126,0.0,0.5135104002212162,0.0
-0.04729466715559097,0.0,0.9988809811277026,0.0,1.0,0.0,-0.9988809811277026,0.0,-0.04729466715559097,0.03298021618776996,0.0,0.513889223796348,0.0
-0.04868204086372587,0.0,0.9988143265378919,0.0,1.0,0.0,-0.9988143265378919,0.0,-0.04868204086372587,0.03395816696922436,0.0,0.5142733179789004,0.0
-0.050093224323578836,0.0,0.9987445463565083,0.0,1.0,0.0,-0.9987445463565083,0.0,-0.050093224323578836,0.03495351541275181,0.0,0.5146626365263002,0.0
-0.05152829550830487,0.0,0.9986715349713382,0.0,1.0,0.0,-0.9986715349713382,0.0,-0.05152829550830487,0.03596634805961552,0.0,0.5150571307377979,0.0
-0.05298732900734354,0.0,0.9985951847293615,0.0,1.0,0.0,-0.9985951847293615,0.0,-0.05298732900734354,0.03699674974896499,0.0,0.5154567494555359,0.0
-0.054470396027009635,0.0,0.9985153859388751,0.0,1.0,0.0,-0.9985153859388751,0.0,-0.054470396027009635,0.038044803617585374,0.0,0.5158614390661969,0.0
-0.05597756439084726,0.0,0.9984320268725702,0.0,1.0,0.0,-0.9984320268725702,0.0,-0.05597756439084726,0.039110591099187866,0.0,0.5162711435032361,0.0
-0.05750889853975228,0.0,0.9983449937715642,0.0,1.0,0.0,-0.9983449937715642,0.0,-0.05750889853975228,0.040194191923244194,0.0,0.5166858042497025,0.0
-0.05906445953186887,0.0,0.9982541708503943,0.0,1.0,0.0,-0.9982541708503943,0.0,-0.05906445953186887,0.04129568411336731,0.0,0.5171053603416513,0.0
-0.060644305042265666,0.0,0.9981594403029711,0.0,1.0,0.0,-0.9981594403029711,0.0,-0.060644305042265666,0.042415143985242265,0.0,0.5175297483721524,0.0
-0.062248489362397665,0.0,0.9980606823094974,0.0,1.0,0.0,-0.9980606823094974,0.0,-0.062248489362397665,0.043552646144110196,0.0,0.5179589024958965,0.0
-0.06387706339936085,0.0,0.9979577750443522,0.0,1.0,0.0,-0.9979577750443522,0.0,-0.06387706339936085,0.0447082634818098,0.0,0.5183927544344049,0.0
-0.06553007467494552,0.0,0.9978505946849439,0.0,1.0,0.0,-0.9978505946849439,0.0,-0.06553007467494552,0.04588206717337982,0.0,0.5188312334818443,0.0
-0.0672075673244959,0.0,0.9977390154215297,0.0,1.0,0.0,-0.9977390154215297,0.0,-0.0672075673244959,0.047074126673227974,0.0,0.5192742665114491,0.0
-0.0689095820955833,0.0,0.9976229094680074,0.0,1.0,0.0,-0.9976229094680074,0.0,-0.0689095820955833,0.048284509710870206,0.0,0.5197217779825559,0.0
-0.07063615634650088,0.0,0.9975021470736756,0.0,1.0,0.0,-0.9975021470736756,0.0,-0.07063615634650088,0.04951328228624618,0.0,0.5201736899482514,0.0
-0.07238732404458702,0.0,0.9973765965359644,0.0,1.0,0.0,-0.9973765965359644,0.0,-0.07238732404458702,0.05076050866461607,0.0,0.5206299220636375,0.0
-0.07416311576438746,0.0,0.997246124214137,0.0,1.0,0.0,-0.997246124214137,0.0,-0.07416311576438746,0.05202625137104487,0.0,0.5210903915947147,0.0
-0.07596355868566286,0.0,0.9971105945439602,0.0,1.0,0.0,-0.9971105945439602,0.0,-0.07596355868566286,0.05331057118447972,0.0,0.521555013427888,0.0
-0.07778867659125197,0.0,0.996969870053344,0.0,1.0,0.0,-0.996969870053344,0.0,-0.07778867659125197,0.054613527131427204,0.0,0.5220237000800955,0.0
-0.0796384898647994,0.0,0.9968238113789488,0.0,1.0,0.0,-0.9968238113789488,0.0,-0.0796384898647994,0.055935176479237465,0.0,0.5224963617095625,0.0
-0.08151301548835761,0.0,0.9966722772837593,0.0,1.0,0.0,-0.9966722772837593,0.0,-0.08151301548835761,0.05727557472900138,0.0,0.5229729061271847,0.0
-0.08341226703987244,0.0,0.9965151246756213,0.0,1.0,0.0,-0.9965151246756213,0.0,-0.08341226703987244,0.05863477560806938,0.0,0.5234532388085391,0.0
-0.08533625469056308,0.0,0.9963522086267422,0.0,1.0,0.0,-0.9963522086267422,0.0,-0.08533625469056308,0.060012831062198436,0.0,0.5239372629065266,0.0
-0.08728498520220647,0.0,0.9961833823941506,0.0,1.0,0.0,-0.9961833823941506,0.0,-0.08728498520220647,0.06140979124733578,0.0,0.5244248792646479,0.0
-0.08925846192433658,0.0,0.9960084974411121,0.0,1.0,0.0,-0.9960084974411121,0.0,-0.08925846192433658,0.06282570452104749,0.0,0.5249159864309116,0.0
-0.09125668479137017,0.0,0.9958274034594994,0.0,1.0,0.0,-0.9958274034594994,0.0,-0.09125668479137017,0.0642606174336006,0.0,0.5254104806723793,0.0
-0.09327965031966949,0.0,0.9956399483931128,0.0,1.0,0.0,-0.9956399483931128,0.0,-0.09327965031966949,0.06571457471870701,0.0,0.5259082559903453,0.0
-0.09532735160455434,0.0,0.9954459784619463,0.0,1.0,0.0,-0.9954459784619463,0.0,-0.09532735160455434,0.06718761928393915,0.0,0.5264092041361548,0.0
-0.09739977831727405,0.0,0.9952453381873968,0.0,1.0,0.0,-0.9952453381873968,0.0,-0.09739977831727405,0.0686797922008261,0.0,0.5269132146276587,0.0
-0.09949691670195242,0.0,0.9950378704184101,0.0,1.0,0.0,-0.9950378704184101,0.0,-0.09949691670195242,0.07019113269464004,0.0,0.5274201747663082,0.0
-0.10161874957251721,0.0,0.9948234163585606,0.0,1.0,0.0,-0.9948234163585606,0.0,-0.10161874957251721,0.07172167813388308,0.0,0.5279299696548871,0.0
-0.103765256309627,0.0,0.9946018155940585,0.0,1.0,0.0,-0.9946018155940585,0.0,-0.103765256309627,0.0732714640194845,0.0,0.5284424822158847,0.0
-0.10593641285760752,0.0,0.9943729061226791,0.0,1.0,0.0,-0.9943729061226791,0.0,-0.10593641285760752,0.07484052397371867,0.0,0.528957593210507,0.0
-0.1081321917214114,0.0,0.99413652438361,0.0,1.0,0.0,-0.99413652438361,0.0,-0.1081321917214114,0.07642888972885478,0.0,0.5294751812583284,0.0
-0.11035256196361314,0.0,0.9938925052882062,0.0,1.0,0.0,-0.9938925052882062,0.0,-0.11035256196361314,0.07803659111554916,0.0,0.5299951228575823,0.0
-0.11259748920145377,0.0,0.993640682251652,0.0,1.0,0.0,-0.993640682251652,0.0,-0.11259748920145377,0.07966365605099097,0.0,0.5305172924060906,0.0
-0.11486693560394784,0.0,0.9933808872255186,0.0,1.0,0.0,-0.9933808872255186,0.0,-0.11486693560394784,0.08131011052681322,0.0,0.5310415622228317,0.0
-0.11716085988906713,0.0,0.9931129507312119,0.0,1.0,0.0,-0.9931129507312119,0.0,-0.11716085988906713,0.08297597859678064,0.0,0.531567802570147,0.0
-0.11947921732101442,0.0,0.9928367018943034,0.0,1.0,0.0,-0.9928367018943034,0.0,-0.11947921732101442,0.08466128236426591,0.0,0.5320958816765838,0.0
-0.12182195970760158,0.0,0.9925519684797364,0.0,1.0,0.0,-0.9925519684797364,0.0,-0.12182195970760158,0.08636604196952682,0.0,0.5326256657603746,0.0
-0.12418903539774634,0.0,0.992258576927898,0.0,1.0,0.0,-0.992258576927898,0.0,-0.12418903539774634,0.0880902755767966,0.0,0.533157019053551,0.0
-0.12658038927910178,0.0,0.9919563523915511,0.0,1.0,0.0,-0.9919563523915511,0.0,-0.12658038927910178,0.08983399936119939,0.0,0.5336898038266918,0.0
-0.1289959627758334,0.0,0.9916451187736144,0.0,1.0,0.0,-0.9916451187736144,0.0,-0.1289959627758334,0.09159722749550457,0.0,0.5342238804143022,0.0
-0.13143569384655782,0.0,0.9913246987657848,0.0,1.0,0.0,-0.9913246987657848,0.0,-0.13143569384655782,0.09337997213673162,0.0,0.5347591072408244,0.0
-0.13389951698245892,0.0,0.9909949138879898,0.0,1.0,0.0,-0.9909949138879898,0.0,-0.13389951698245892,0.09518224341261983,0.0,0.5352953408472751,0.0
-0.13638736320559489,0.0,0.9906555845286621,0.0,1.0,0.0,-0.9906555845286621,0.0,-0.13638736320559489,0.09700404940797523,0.0,0.5358324359185113,0.0
-0.13889916006741265,0.0,0.9903065299858258,0.0,1.0,0.0,-0.9903065299858258,0.0,-0.13889916006741265,0.09884539615090875,0.0,0.5363702453111178,0.0
-0.1414348316474836,0.0,0.9899475685089832,0.0,1.0,0.0,-0.9899475685089832,0.0,-0.1414348316474836,0.10070628759897889,0.0,0.5369086200819183,0.0
-0.14399429855247572,0.0,0.9895785173417926,0.0,1.0,0.0,-0.9895785173417926,0.0,-0.14399429855247572,0.10258672562525256,0.0,0.5374474095171043,0.0
-0.14657747791537937,0.0,0.9891991927655251,0.0,1.0,0.0,-0.9891991927655251,0.0,-0.14657747791537937,0.10448671000429897,0.0,0.5379864611619799,0.0
-0.14918428339499892,0.0,0.9888094101432898,0.0,1.0,0.0,-0.9888094101432898,0.0,-0.14918428339499892,0.1064062383981294,0.0,0.5385256208513196,0.0
-0.1518146251757281,0.0,0.988408983965015,0.0,1.0,0.0,-0.988408983965015,0.0,-0.1518146251757281,0.10834530634209776,0.0,0.5390647327403361,0.0
-0.15446840996762282,0.0,0.9879977278931741,0.0,1.0,0.0,-0.9879977278931741,0.0,-0.15446840996762282,0.1103039072307758,0.0,0.5396036393362532,0.0
-0.15714554100678854,0.0,0.9875754548092432,0.0,1.0,0.0,-0.9875754548092432,0.0,-0.15714554100678854,0.1122820323038187,0.0,0.5401421815304823,0.0
-0.15984591805609596,0.0,0.9871419768608788,0.0,1.0,0.0,-0.9871419768608788,0.0,-0.15984591805609596,0.1142796706318338,0.0,0.5406801986313962,0.0
-0.16256943740624155,0.0,0.9866971055098004,0.0,1.0,0.0,-0.9866971055098004,0.0,-0.16256943740624155,0.11629680910226856,0.0,0.5412175283976971,0.0
-0.16531599187716803,0.0,0.9862406515803677,0.0,1.0,0.0,-0.9862406515803677,0.0,-0.16531599187716803,0.11833343240533196,0.0,0.5417540070723758,0.0
-0.16808547081986044,0.0,0.9857724253088366,0.0,1.0,0.0,-0.9857724253088366,0.0,-0.16808547081986044,0.12038952301996438,0.0,0.542289469417254,0.0
-0.1708777601185328,0.0,0.985292236393281,0.0,1.0,0.0,-0.985292236393281,0.0,-0.1708777601185328,0.12246506119987055,0.0,0.542823748748109,0.0
-0.17369274219322173,0.0,0.9847998940441652,0.0,1.0,0.0,-0.9847998940441652,0.0,-0.17369274219322173,0.12456002495963178,0.0,0.5433566769703727,0.0
-0.17653029600280026,0.0,0.9842952070355538,0.0,1.0,0.0,-0.9842952070355538,0.0,-0.17653029600280026,0.12667439006091052,0.0,0.5438880846154002,0.0
-0.17939029704843074,0.0,0.9837779837569429,0.0,1.0,0.0,-0.9837779837569429,0.0,-0.17939029704843074,0.1288081299987649,0.0,0.5444178008773042,0.0
-0.18227261737746797,0.0,0.983248032265698,0.0,1.0,0.0,-0.983248032265698,0.0,-0.18227261737746797,0.13096121598808652,0.0,0.5449456536503466,0.0
-0.18517712558783048,0.0,0.9827051603400833,0.0,1.0,0.0,-0.9827051603400833,0.0,-0.18517712558783048,0.13313361695017722,0.0,0.5454714695668849,0.0
-0.18810368683285444,0.0,0.9821491755328655,0.0,1.0,0.0,-0.9821491755328655,0.0,-0.18810368683285444,0.13532529949948127,0.0,0.5459950740358621,0.0
-0.19105216282664403,0.0,0.9815798852254775,0.0,1.0,0.0,-0.9815798852254775,0.0,-0.19105216282664403,0.1375362279304864,0.0,0.5465162912818391,0.0
-0.19402241184993463,0.0,0.9809970966827243,0.0,1.0,0.0,-0.9809970966827243,0.0,-0.19402241184993463,0.1397663642048104,0.0,0.5470349443845595,0.0
-0.19701428875648286,0.0,0.9804006171080153,0.0,1.0,0.0,-0.9804006171080153,0.0,-0.19701428875648286,0.14201566793848844,0.0,0.5475508553190402,0.0
-0.2000276449799973,0.0,0.9797902536991048,0.0,1.0,0.0,-0.9797902536991048,0.0,-0.2000276449799973,0.1442840963894757,0.0,0.5480638449961814,0.0
-0.20306232854162629,0.0,0.9791658137043249,0.0,1.0,0.0,-0.9791658137043249,0.0,-0.20306232854162629,0.14657160444538142,0.0,0.5485737333038883,0.0
-0.20611818405801446,0.0,0.9785271044792916,0.0,1.0,0.0,-0.9785271044792916,0.0,-0.20611818405801446,0.1488781446114496,0.0,0.5490803391486957,0.0
-0.20919505274994438,0.0,0.9778739335440678,0.0,1.0,0.0,-0.9778739335440678,0.0,-0.20919505274994438,0.15120366699880058,0.0,0.5495834804978895,0.0
-0.21229277245157605,0.0,0.9772061086407633,0.0,1.0,0.0,-0.9772061086407633,0.0,-0.21229277245157605,0.15354811931295084,0.0,0.5500829744221152,0.0
-0.21541117762029777,0.0,0.9765234377915548,0.0,1.0,0.0,-0.9765234377915548,0.0,-0.21541117762029777,0.15591144684262348,0.0,0.5505786371384651,0.0
-0.21855009934720304,0.0,0.9758257293571059,0.0,1.0,0.0,-0.9758257293571059,0.0,-0.21855009934720304,0.15829359244886732,0.0,0.551070284054036,0.0
-0.22170936536820554,0.0,0.9751127920953696,0.0,1.0,0.0,-0.9751127920953696,0.0,-0.22170936536820554,0.16069449655449727,0.0,0.5515577298099488,0.0
-0.2248888000758048,0.0,0.9743844352207525,0.0,1.0,0.0,-0.9743844352207525,0.0,-0.2248888000758048,0.16311409713387204,0.0,0.5520407883258187,0.0
-0.22808822453151836,0.0,0.9736404684636212,0.0,1.0,0.0,-0.9736404684636212,0.0,-0.22808822453151836,0.1655523297030251,0.0,0.5525192728446693,0.0
-0.23130745647898923,0.0,0.972880702130133,0.0,1.0,0.0,-0.972880702130133,0.0,-0.23130745647898923,0.16800912731016135,0.0,0.5529929959782784,0.0
-0.23454631035778273,0.0,0.9721049471623682,0.0,1.0,0.0,-0.9721049471623682,0.0,-0.23454631035778273,0.17048442052653595,0.0,0.5534617697529467,0.0
-0.23780459731788478,0.0,0.9713130151987456,0.0,1.0,0.0,-0.9713130151987456,0.0,-0.23780459731788478,0.17297813743772938,0.0,0.5539254056556787,0.0
-0.24108212523491346,0.0,0.9705047186346997,0.0,1.0,0.0,-0.9705047186346997,0.0,-0.24108212523491346,0.1754902036353334,0.0,0.554383714680766,0.0
-0.24437869872605422,0.0,0.9696798706835985,0.0,1.0,0.0,-0.9696798706835985,0.0,-0.24437869872605422,0.17802054220906185,0.0,0.5548365073767597,0.0
-0.2476941191667309,0.0,0.9688382854378832,0.0,1.0,0.0,-0.9688382854378832,0.0,-0.2476941191667309,0.18056907373930053,0.0,0.555283593893826,0.0
-0.2510281847080231,0.0,0.9679797779304042,0.0,1.0,0.0,-0.9679797779304042,0.0,-0.2510281847080231,0.18313571629011066,0.0,0.5557247840314661,0.0
-0.25438069029484,0.0,0.9671041641959364,0.0,1.0,0.0,-0.9671041641959364,0.0,-0.25438069029484,0.18572038540269936,0.0,0.5561598872865965,0.0
-0.25775142768486076,0.0,0.9662112613328495,0.0,1.0,0.0,-0.9662112613328495,0.0,-0.25775142768486076,0.18832299408937056,0.0,0.556588712901973,0.0
-0.261140185468252,0.0,0.9653008875649121,0.0,1.0,0.0,-0.9653008875649121,0.0,-0.261140185468252,0.19094345282797118,0.0,0.5570110699149474,0.0
-0.26454674908817105,0.0,0.964372862303207,0.0,1.0,0.0,-0.964372862303207,0.0,-0.26454674908817105,0.1935816695568439,0.0,0.5574267672065458,0.0
-0.26797090086206427,0.0,0.963427006208137,0.0,1.0,0.0,-0.963427006208137,0.0,-0.26797090086206427,0.19623754967030185,0.0,0.5578356135508544,0.0
-0.27141242000376864,0.0,0.9624631412514963,0.0,1.0,0.0,-0.9624631412514963,0.0,-0.27141242000376864,0.1989109960146365,0.0,0.5582374176647007,0.0
-0.2748710826464252,0.0,0.9614810907785873,0.0,1.0,0.0,-0.9614810907785873,0.0,-0.2748710826464252,0.2016019088846713,0.0,0.5586319882576171,0.0
-0.27834666186621376,0.0,0.9604806795703574,0.0,1.0,0.0,-0.9604806795703574,0.0,-0.27834666186621376,0.2043101860208767,0.0,0.5590191340820729,0.0
-0.2818389277069118,0.0,0.9594617339055362,0.0,1.0,0.0,-0.9594617339055362,0.0,-0.2818389277069118,0.20703572260705294,0.0,0.5593986639839627,0.0
-0.2853476472052915,0.0,0.9584240816227462,0.0,1.0,0.0,-0.9584240816227462,0.0,-0.2853476472052915,0.2097784112685998,0.0,0.5597703869533353,0.0
-0.28887258441735386,0.0,0.9573675521825663,0.0,1.0,0.0,-0.9573675521825663,0.0,-0.28887258441735386,0.21253814207137864,0.0,0.5601341121753505,0.0
-0.2924135004454128,0.0,0.956291976729524,0.0,1.0,0.0,-0.956291976729524,0.0,-0.2924135004454128,0.2153148025211824,0.0,0.5604896490814495,0.0
-0.2959701534660297,0.0,0.9551971881539931,0.0,1.0,0.0,-0.9551971881539931,0.0,-0.2959701534660297,0.2181082775638226,0.0,0.5608368074007244,0.0
-0.29954229875880783,0.0,0.9540830211539713,0.0,1.0,0.0,-0.9540830211539713,0.0,-0.29954229875880783,0.22091844958584636,0.0,0.5611753972114706,0.0
-0.3031296887360487,0.0,0.9529493122967172,0.0,1.0,0.0,-0.9529493122967172,0.0,-0.3031296887360487,0.22374519841589127,0.0,0.5615052289929099,0.0
-0.30673207297327504,0.0,0.9517959000802207,0.0,1.0,0.0,-0.9517959000802207,0.0,-0.30673207297327504,0.22658840132669134,0.0,0.5618261136770676,0.0
-0.3103491982406264,0.0,0.9506226249944825,0.0,1.0,0.0,-0.9506226249944825,0.0,-0.3103491982406264,0.22944793303774266,0.0,0.562137862700787,0.0
-0.3139808085351276,0.0,0.9494293295825801,0.0,1.0,0.0,-0.9494293295825801,0.0,-0.3139808085351276,0.23232366571863824,0.0,0.5624402880578698,0.0
-0.3176266451138359,0.0,0.9482158585014961,0.0,1.0,0.0,-0.9482158585014961,0.0,-0.3176266451138359,0.23521546899308296,0.0,0.5627332023513214,0.0
-0.3212864465278663,0.0,0.9469820585826833,0.0,1.0,0.0,-0.9469820585826833,0.0,-0.3212864465278663,0.23812320994359595,0.0,0.56301641884569,0.0
-0.32495994865730027,0.0,0.9457277788923432,0.0,1.0,0.0,-0.9457277788923432,0.0,-0.32495994865730027,0.24104675311691082,0.0,0.5632897515194798,0.0
-0.3286468847469766,0.0,0.944452870791395,0.0,1.0,0.0,-0.944452870791395,0.0,-0.3286468847469766,0.24398596053008145,0.0,0.5635530151176252,0.0
-0.33234698544316627,0.0,0.9431571879951082,0.0,1.0,0.0,-0.9431571879951082,0.0,-0.33234698544316627,0.2469406916773012,0.0,0.5638060252040061,0.0
-0.33605997883113137,0.0,0.9418405866323767,0.0,1.0,0.0,-0.9418405866323767,0.0,-0.33605997883113137,0.24991080353744388,0.0,0.5640485982139906,0.0
-0.3397855904735692,0.0,0.9405029253046095,0.0,1.0,0.0,-0.9405029253046095,0.0,-0.3397855904735692,0.25289615058233383,0.0,0.564280551506987,0.0
-0.34352354344993863,0.0,0.9391440651442132,0.0,1.0,0.0,-0.9391440651442132,0.0,-0.34352354344993863,0.25589658478575156,0.0,0.5645017034189881,0.0
-0.34727355839667007,0.0,0.9377638698726426,0.0,1.0,0.0,-0.9377638698726426,0.0,-0.34727355839667007,0.2589119556331832,0.0,0.5647118733150911,0.0
-0.3510353535482542,0.0,0.936362205857996,0.0,1.0,0.0,-0.936362205857996,0.0,-0.3510353535482542,0.2619421101323166,0.0,0.564910881641976,0.0
-0.3548086447792113,0.0,0.9349389421721289,0.0,1.0,0.0,-0.9349389421721289,0.0,-0.3548086447792113,0.2649868928242959,0.0,0.5650985499803244,0.0
-0.3585931456469338,0.0,0.9334939506472641,0.0,1.0,0.0,-0.9334939506472641,0.0,-0.3585931456469338,0.26804614579573244,0.0,0.5652747010971617,0.0
-0.36238856743540254,0.0,0.9320271059320736,0.0,1.0,0.0,-0.9320271059320736,0.0,-0.36238856743540254,0.27111970869148494,0.0,0.5654391589981056,0.0
-0.3661946191997702,0.0,0.930538285547207,0.0,1.0,0.0,-0.930538285547207,0.0,-0.3661946191997702,0.27420741872820736,0.0,0.5655917489795015,0.0
-0.3700110078118088,0.0,0.9290273699402454,0.0,1.0,0.0,-0.9290273699402454,0.0,-0.3700110078118088,0.277309110708672,0.0,0.56573229768043,0.0
-0.37383743800621594,0.0,0.9274942425400541,0.0,1.0,0.0,-0.9274942425400541,0.0,-0.37383743800621594,0.28042461703687227,0.0,0.5658606331345643,0.0
-0.3776736124277742,0.0,0.9259387898105119,0.0,1.0,0.0,-0.9259387898105119,0.0,-0.3776736124277742,0.2835537677339055,0.0,0.5659765848218632,0.0
-0.38151923167935703,0.0,0.9243609013035943,0.0,1.0,0.0,-0.9243609013035943,0.0,-0.38151923167935703,0.2866963904546421,0.0,0.5660799837200807,0.0
-0.3853739943707761,0.0,0.9227604697117844,0.0,1.0,0.0,-0.9227604697117844,0.0,-0.3853739943707761,0.28985231050518234,0.0,0.5661706623560718,0.0
-0.38923759716846024,0.0,0.921137390919793,0.0,1.0,0.0,-0.921137390919793,0.0,-0.38923759716846024,0.29302135086110176,0.0,0.5662484548568798,0.0
-0.3931097348459611,0.0,0.919491564055559,0.0,1.0,0.0,-0.919491564055559,0.0,-0.3931097348459611,0.2962033321864899,0.0,0.5663131970005836,0.0
-0.3969901003352742,0.0,0.9178228915405133,0.0,1.0,0.0,-0.9178228915405133,0.0,-0.3969901003352742,0.29939807285378006,0.0,0.5663647262668892,0.0
-0.4008783847789705,0.0,0.9161312791390782,0.0,1.0,0.0,-0.9161312791390782,0.0,-0.4008783847789705,0.3026053889643754,0.0,0.5664028818874448,0.0
-0.40477427758312384,0.0,0.9144166360073838,0.0,1.0,0.0,-0.9144166360073838,0.0,-0.40477427758312384,0.30582509437006655,0.0,0.5664275048958631,0.0
-0.4086774664710289,0.0,0.9126788747411769,0.0,1.0,0.0,-0.9126788747411769,0.0,-0.4086774664710289,0.30905700069524517,0.0,0.566438438177431,0.0
-0.41258763753769706,0.0,0.910917911422902,0.0,1.0,0.0,-0.910917911422902,0.0,-0.41258763753769706,0.3123009173599114,0.0,0.5664355265184885,0.0
-0.4165044753051179,0.0,0.9091336656679305,0.0,1.0,0.0,-0.9091336656679305,0.0,-0.4165044753051179,0.3155566516034729,0.0,0.5664186166554586,0.0
-0.42042766277827803,0.0,0.9073260606699195,0.0,1.0,0.0,-0.9073260606699195,0.0,-0.42042766277827803,0.31882400850933684,0.0,0.5663875573235106,0.0
-0.42435688150192263,0.0,0.9054950232452761,0.0,1.0,0.0,-0.9054950232452761,0.0,-0.42435688150192263,0.32210279103029105,0.0,0.5663421993048365,0.0
-0.4282918116180452,0.0,0.903640483876709,0.0,1.0,0.0,-0.903640483876709,0.0,-0.4282918116180452,0.3253928000146714,0.0,0.5662823954765233,0.0
-0.43223213192409965,0.0,0.9017623767558435,0.0,1.0,0.0,-0.9017623767558435,0.0,-0.43223213192409965,0.3286938342333173,0.0,0.5662080008580028,0.0
-0.43617751993190984,0.0,0.8998606398248833,0.0,1.0,0.0,-0.8998606398248833,0.0,-0.43617751993190984,0.332005690407304,0.0,0.5661188726580615,0.0
-0.44012765192727354,0.0,0.8979352148172967,0.0,1.0,0.0,-0.8979352148172967,0.0,-0.44012765192727354,0.3353281632364568,0.0,0.5660148703213894,0.0
-0.4440822030302379,0.0,0.8959860472975071,0.0,1.0,0.0,-0.8959860472975071,0.0,-0.4440822030302379,0.33866104542863695,0.0,0.5658958555746536,0.0
-0.4480408472560344,0.0,0.8940130866995711,0.0,1.0,0.0,-0.8940130866995711,0.0,-0.4480408472560344,0.3420041277297967,0.0,0.5657616924720748,0.0
-0.4520032575766591,0.0,0.8920162863648221,0.0,1.0,0.0,-0.8920162863648221,0.0,-0.4520032575766591,0.34535719895479994,0.0,0.5656122474404915,0.0
-0.45596910598307694,0.0,0.8899956035784635,0.0,1.0,0.0,-0.8899956035784635,0.0,-0.45596910598307694,0.3487200460189994,0.0,0.5654473893238936,0.0
-0.45993806354803823,0.0,0.8879509996050913,0.0,1.0,0.0,-0.8879509996050913,0.0,-0.45993806354803823,0.35209245397056804,0.0,0.5652669894274048,0.0
-0.46390980048948816,0.0,0.885882439723129,0.0,1.0,0.0,-0.885882439723129,0.0,-0.46390980048948816,0.3554742060235769,0.0,0.5650709215607003,0.0
-0.46788398623454963,0.0,0.8837898932581588,0.0,1.0,0.0,-0.8837898932581588,0.0,-0.46788398623454963,0.35886508359181,0.0,0.5648590620808399,0.0
-0.4718602894840658,0.0,0.8816733336151285,0.0,1.0,0.0,-0.8816733336151285,0.0,-0.4718602894840658,0.36226486632331556,0.0,0.564631289934499,0.0
-0.4758383782776772,0.0,0.879532738309422,0.0,1.0,0.0,-0.879532738309422,0.0,-0.4758383782776772,0.36567333213567643,0.0,0.564387486699581,0.0
-0.47981792005942214,0.0,0.8773680889967733,0.0,1.0,0.0,-0.8773680889967733,0.0,-0.47981792005942214,0.36909025725200156,0.0,0.5641275366261944,0.0
-0.4837985817438322,0.0,0.8751793715020119,0.0,1.0,0.0,-0.8751793715020119,0.0,-0.4837985817438322,0.3725154162376205,0.0,0.5638513266769761,0.0
-0.48778002978251095,0.0,0.8729665758466201,0.0,1.0,0.0,-0.8729665758466201,0.0,-0.48778002978251095,0.37594858203748033,0.0,0.5635587465667462,0.0
-0.4917619302311689,0.0,0.8707296962750926,0.0,1.0,0.0,-0.8707296962750926,0.0,-0.4917619302311689,0.37938952601422793,0.0,0.5632496888014762,0.0
-0.4957439488170975,0.0,0.8684687312800795,0.0,1.0,0.0,-0.8684687312800795,0.0,-0.4957439488170975,0.38283801798697265,0.0,0.562924048716555,0.0
-0.4997257510070609,0.0,0.8661836836263016,0.0,1.0,0.0,-0.8661836836263016,0.0,-0.4997257510070609,0.38629382627071845,0.0,0.562581724514337,0.0
-0.503707002075581,0.0,0.8638745603732239,0.0,1.0,0.0,-0.8638745603732239,0.0,-0.503707002075581,0.3897567177164515,0.0,0.5622226173009546,0.0
-0.5076873671735963,0.0,0.8615413728964745,0.0,1.0,0.0,-0.8615413728964745,0.0,-0.5076873671735963,0.3932264577518744,0.0,0.5618466311223822,0.0
-0.5116665113974722,0.0,0.8591841369079974,0.0,1.0,0.0,-0.8591841369079974,0.0,-0.5116665113974722,0.3967028104227766,0.0,0.5614536729997346,0.0
-0.5156440998583381,0.0,0.8568028724749259,0.0,1.0,0.0,-0.8568028724749259,0.0,-0.5156440998583381,0.4001855384350263,0.0,0.5610436529637837,0.0
-0.5196197977517294,0.0,0.8543976040371671,0.0,1.0,0.0,-0.8543976040371671,0.0,-0.5196197977517294,0.4036744031971715,0.0,0.5606164840886814,0.0
-0.5235932704275114,0.0,0.8519683604236855,0.0,1.0,0.0,-0.8519683604236855,0.0,-0.5235932704275114,0.4071691648636404,0.0,0.5601720825248715,0.0
-0.5275641834600595,0.0,0.8495151748674774,0.0,1.0,0.0,-0.8495151748674774,0.0,-0.5275641834600595,0.41066958237852313,0.0,0.5597103675311779,0.0
-0.5315322027186742,0.0,0.8470380850192241,0.0,1.0,0.0,-0.8470380850192241,0.0,-0.5315322027186742,0.41417541351992576,0.0,0.5592312615060535,0.0
-0.5354969944382029,0.0,0.8445371329596179,0.0,1.0,0.0,-0.8445371329596179,0.0,-0.5354969944382029,0.4176864149448785,0.0,0.5587346900179792,0.0
-0.5394582252898498,0.0,0.8420123652103487,0.0,1.0,0.0,-0.8420123652103487,0.0,-0.5394582252898498,0.42120234223478825,0.0,0.558220581834994,0.0
-0.5434155624521395,0.0,0.8394638327437489,0.0,1.0,0.0,-0.8394638327437489,0.0,-0.5434155624521395,0.4247229499414141,0.0,0.55768886895335,0.0
-0.5473686736820201,0.0,0.836891590991083,0.0,1.0,0.0,-0.836891590991083,0.0,-0.5473686736820201,0.4282479916333582,0.0,0.5571394866252735,0.0
-0.5513172273860718,0.0,0.8342956998494805,0.0,1.0,0.0,-0.8342956998494805,0.0,-0.5513172273860718,0.4317772199430506,0.0,0.5565723733858238,0.0
-0.5552608926917997,0.0,0.831676223687503,0.0,1.0,0.0,-0.831676223687503,0.0,-0.5552608926917997,0.4353103866142159,0.0,0.555987471078835,0.0
-0.5591993395189824,0.0,0.8290332313493434,0.0,1.0,0.0,-0.8290332313493434,0.0,-0.5591993395189824,0.43884724254980145,0.0,0.5553847248819315,0.0
-0.563132238651054,0.0,0.826366796157646,0.0,1.0,0.0,-0.826366796157646,0.0,-0.563132238651054,0.442387537860357,0.0,0.5547640833306025,0.0
-0.5670592618064879,0.0,0.8236769959149527,0.0,1.0,0.0,-0.8236769959149527,0.0,-0.5670592618064879,0.4459310219128414,0.0,0.5541254983413285,0.0
-0.5709800817101618,0.0,0.8209639129037628,0.0,1.0,0.0,-0.8209639129037628,0.0,-0.5709800817101618,0.4494774433798452,0.0,0.5534689252337465,0.0
-0.5748943721646707,0.0,0.8182276338852099,0.0,1.0,0.0,-0.8182276338852099,0.0,-0.5748943721646707,0.45302655028920774,0.0,0.5527943227518427,0.0
-0.5788018081215693,0.0,0.8154682500963493,0.0,1.0,0.0,-0.8154682500963493,0.0,-0.5788018081215693,0.4565780900740146,0.0,0.5521016530841675,0.0
-0.5827020657525093,0.0,0.8126858572460569,0.0,1.0,0.0,-0.8126858572460569,0.0,-0.5827020657525093,0.46013180962295375,0.0,0.5513908818830571,0.0
-0.5865948225202484,0.0,0.8098805555095383,0.0,1.0,0.0,-0.8098805555095383,0.0,-0.5865948225202484,0.4636874553310146,0.0,0.5506619782828583,0.0
-0.5904797572495039,0.0,0.8070524495214465,0.0,1.0,0.0,-0.8070524495214465,0.0,-0.5904797572495039,0.4672447731505093,0.0,0.5499149149171443,0.0
-0.5943565501976236,0.0,0.8042016483676092,0.0,1.0,0.0,-0.8042016483676092,0.0,-0.5943565501976236,0.4708035086424014,0.0,0.5491496679349136,0.0
-0.5982248831250461,0.0,0.8013282655753664,0.0,1.0,0.0,-0.8013282655753664,0.0,-0.5982248831250461,0.47436340702791824,0.0,0.548366217015767,0.0
