0.0,0.0,1.0,0.0,1.0,0.0,-1.0,0.0,0.0,0.0,0.0,0.5,0.0
0.0,0.0,1.0,0.0,1.0,0.0,-1.0,0.0,0.0,1.68839591181561e-07,0.0,0.4999999828296812,0.0
0.0,0.0,1.0,0.0,1.0,0.0,-1.0,0.0,0.0,1.3456350338711008e-06,0.0,0.4999998631542381,0.0
-2.2005574442527486e-06,0.0,0.9999999999975788,0.0,1.0,0.0,-0.9999999999975788,0.0,-2.2005574442527486e-06,4.5244015016281e-06,0.0,0.49999953988122864,0.0
-5.196442802860254e-06,0.0,0.9999999999864985,0.0,1.0,0.0,-0.9999999999864985,0.0,-5.196442802860254e-06,1.0684015588962594e-05,0.0,0.49999891344981573,0.0
-1.011091641797922e-05,0.0,0.9999999999488847,0.0,1.0,0.0,-0.9999999999488847,0.0,-1.011091641797922e-05,2.078829032321893e-05,0.0,0.4999978858068958,0.0
-1.7405466885657868e-05,0.0,0.9999999998485248,0.0,1.0,0.0,-0.9999999998485248,0.0,-1.7405466885657868e-05,3.578605040975149e-05,0.0,0.49999636038552414,0.0
-2.7534331995697915e-05,0.0,0.9999999996209303,0.0,1.0,0.0,-0.9999999996209303,0.0,-2.7534331995697915e-05,5.6611206799844824e-05,0.0,0.4999942420766885,0.0
-4.0944536009634145e-05,0.0,0.9999999991617725,0.0,1.0,0.0,-0.9999999991617725,0.0,-4.0944536009634145e-05,8.41828309172797e-05,0.0,0.49999143719773853,0.0
-5.807592693765295e-05,0.0,0.9999999983135933,0.0,1.0,0.0,-0.9999999983135933,0.0,-5.807592693765295e-05,0.00011940522852195502,0.0,0.49998785345726854,0.0
-7.936121381389122e-05,0.0,0.9999999968508989,0.0,1.0,0.0,-0.9999999968508989,0.0,-7.936121381389122e-05,0.00016316801323207315,0.0,0.4999833999166754,0.0
-0.00010522600396940304,0.0,0.999999994463744,0.0,1.0,0.0,-0.999999994463744,0.0,-0.00010522600396940304,0.0002163461797259646,0.0,0.49997798694861434,0.0
-0.00013608884030191808,0.0,0.9999999907399137,0.0,1.0,0.0,-0.9999999907399137,0.0,-0.00013608884030191808,0.00027980017664408166,0.0,0.4999715261925719,0.0
-0.0001723612385413435,0.0,0.9999999851458016,0.0,1.0,0.0,-0.9999999851458016,0.0,-0.0001723612385413435,0.0003543759792095506,0.0,0.4999639305077579,0.0
-0.00021444772450978237,0.0,0.9999999770060864,0.0,1.0,0.0,-0.9999999770060864,0.0,-0.00021444772450978237,0.00044090516158646394,0.0,0.49995511392353126,0.0
-0.000262745871374662,0.0,0.999999965482303,0.0,1.0,0.0,-0.999999965482303,0.0,-0.000262745871374662,0.0005402049689924734,0.0,0.49994499158755,0.0
-0.00031764633689337977,0.0,0.9999999495504011,0.0,1.0,0.0,-0.9999999495504011,0.0,-0.00031764633689337977,0.0006530783895827001,0.0,0.49993347971184604,0.0
-0.00037953290064769317,0.0,0.999999927977386,0.0,1.0,0.0,-0.999999927977386,0.0,-0.00037953290064769317,0.0007803142261202552,0.0,0.49992049551701123,0.0
-0.0004487825012658966,0.0,0.9999998992971282,0.0,1.0,0.0,-0.9999998992971282,0.0,-0.0004487825012658966,0.0009226871674480367,0.0,0.49990595717467856,0.0
-0.0005257652736306536,0.0,0.999999861785429,0.0,1.0,0.0,-0.999999861785429,0.0,-0.0005257652736306536,0.001080957859775548,0.0,0.4998897837484776,0.0
-0.0006108445860701737,0.0,0.9999998134344285,0.0,1.0,0.0,-0.9999998134344285,0.0,-0.0006108445860701737,0.0012558729777937692,0.0,0.4998718951336395,0.0
-0.0007043770775302632,0.0,0.9999997519264355,0.0,1.0,0.0,-0.9999997519264355,0.0,-0.0007043770775302632,0.001448165295630041,0.0,0.4998522119954189,0.0
-0.0008067126947246129,0.0,0.9999996746072611,0.0,1.0,0.0,-0.9999996746072611,0.0,-0.0008067126947246129,0.0016585537576542047,0.0,0.4998306557064986,0.0
-0.0009181947292605395,0.0,0.9999995784591307,0.0,1.0,0.0,-0.9999995784591307,0.0,-0.0009181947292605395,0.0018877435491463682,0.0,0.4998071482835342,0.0
-0.0010391598547372517,0.0,0.9999994600732524,0.0,1.0,0.0,-0.9999994600732524,0.0,-0.0010391598547372517,0.00213642616683619,0.0,0.4997816123229969,0.0
-0.0011699381638135859,0.0,0.9999993156221122,0.0,1.0,0.0,-0.9999993156221122,0.0,-0.0011699381638135859,0.002405279489322272,0.0,0.4997539709364611,0.0
-0.0013108532052420274,0.0,0.999999140831568,0.0,1.0,0.0,-0.999999140831568,0.0,-0.0013108532052420274,0.0026949678473801833,0.0,0.4997241476854855,0.0
-0.0014622220208657334,0.0,0.9999989309528095,0.0,1.0,0.0,-0.9999989309528095,0.0,-0.0014622220208657334,0.003006142094166387,0.0,0.49969206651622605,0.0
-0.0016243551825751827,0.0,0.9999986807342502,0.0,1.0,0.0,-0.9999986807342502,0.0,-0.0016243551825751827,0.003339439675325077,0.0,0.4996576516939192,0.0
-0.0017975568292209673,0.0,0.9999983843934178,0.0,1.0,0.0,-0.9999983843934178,0.0,-0.0017975568292209673,0.0036954846990041542,0.0,0.49962082773736743,0.0
-0.0019821247034792176,0.0,0.9999980355889004,0.0,1.0,0.0,-0.9999980355889004,0.0,-0.0019821247034792176,0.004074888005785953,0.0,0.49958151935355427,0.0
-0.002178350188666048,0.0,0.9999976273924132,0.0,1.0,0.0,-0.9999976273924132,0.0,-0.002178350188666048,0.004478247238537944,0.0,0.49953965137251327,0.0
-0.002386518345497413,0.0,0.9999971522610385,0.0,1.0,0.0,-0.9999971522610385,0.0,-0.002386518345497413,0.004906146912187741,0.0,0.49949514868256806,0.0
-0.0026069079487907004,0.0,0.9999966020097001,0.0,1.0,0.0,-0.9999966020097001,0.0,-0.0026069079487907004,0.0053591584834270685,0.0,0.4994479361660639,0.0
-0.002839791524104415,0.0,0.9999959677839204,0.0,1.0,0.0,-0.9999959677839204,0.0,-0.002839791524104415,0.00583784042034774,0.0,0.4993979386356954,0.0
-0.0030854353843122614,0.0,0.999995240032916,0.0,1.0,0.0,-0.999995240032916,0.0,-0.0030854353843122614,0.006342738272013435,0.0,0.49934508077154255,0.0
-0.0033440996661080083,0.0,0.9999944084830791,0.0,1.0,0.0,-0.9999944084830791,0.0,-0.0033440996661080083,0.006874384737969938,0.0,0.49928928705891595,0.0
-0.003616038366437496,0.0,0.9999934621118942,0.0,1.0,0.0,-0.9999934621118942,0.0,-0.003616038366437496,0.007433299737696422,0.0,0.49923048172711015,0.0
-0.0039014993788542424,0.0,0.9999923891223357,0.0,1.0,0.0,-0.9999923891223357,0.0,-0.0039014993788542424,0.008019990480000341,0.0,0.49916858868916353,0.0
-0.004200724529795133,0.0,0.999991176917789,0.0,1.0,0.0,-0.999991176917789,0.0,-0.004200724529795133,0.008634951532357495,0.0,0.49910353148271086,0.0
-0.004513949614772767,0.0,0.9999898120775408,0.0,1.0,0.0,-0.9999898120775408,0.0,-0.004513949614772767,0.009278664890199542,0.0,0.49903523321202226,0.0
-0.0048414044344811304,0.0,0.9999882803328756,0.0,1.0,0.0,-0.9999882803328756,0.0,-0.0048414044344811304,0.009951600046150384,0.0,0.498963616491309,0.0
-0.005183312830811369,0.0,0.9999865665438201,0.0,1.0,0.0,-0.9999865665438201,0.0,-0.005183312830811369,0.010654214059212883,0.0,0.498888603389378,0.0
-0.005539892722774547,0.0,0.9999846546765706,0.0,1.0,0.0,-0.9999846546765706,0.0,-0.005539892722774547,0.011386951623907265,0.0,0.4988101153757108,0.0
-0.00591135614232841,0.0,0.9999825277816401,0.0,1.0,0.0,-0.9999825277816401,0.0,-0.00591135614232841,0.012150245139362728,0.0,0.498728073268043,0.0
-0.006297909270105323,0.0,0.9999801679727581,0.0,1.0,0.0,-0.9999801679727581,0.0,-0.006297909270105323,0.01294451477836308,0.0,0.4986423971815113,0.0
-0.0066997524710387165,0.0,0.999977556406556,0.0,1.0,0.0,-0.999977556406556,0.0,-0.0066997524710387165,0.01377016855634805,0.0,0.49855300647943634,0.0
-0.007117080329885527,0.0,0.9999746732630672,0.0,1.0,0.0,-0.9999746732630672,0.0,-0.007117080329885527,0.014627602400371186,0.0,0.49845981972580444,0.0
-0.007550081686642321,0.0,0.9999714977270727,0.0,1.0,0.0,-0.9999714977270727,0.0,-0.007550081686642321,0.015517200218015715,0.0,0.49836275463950663,0.0
-0.007998939671852967,0.0,0.999968007970318,0.0,1.0,0.0,-0.999968007970318,0.0,-0.007998939671852967,0.016439333966269887,0.0,0.49826172805039537,0.0
-0.00846383174180594,0.0,0.9999641811346276,0.0,1.0,0.0,-0.9999641811346276,0.0,-0.00846383174180594,0.01739436372036285,0.0,0.49815665585720714,0.0
-0.008944929713619532,0.0,0.9999599933159418,0.0,1.0,0.0,-0.9999599933159418,0.0,-0.008944929713619532,0.018382637742563088,0.0,0.4980474529874063,0.0
-0.009442399800213547,0.0,0.9999554195492981,0.0,1.0,0.0,-0.9999554195492981,0.0,-0.009442399800213547,0.0194044925509408,0.0,0.4979340333589943,0.0
-0.009956402645166132,0.0,0.9999504337947793,0.0,1.0,0.0,-0.9999504337947793,0.0,-0.009956402645166132,0.020460252988096325,0.0,0.4978163098443293,0.0
-0.010487093357454841,0.0,0.9999450089244468,0.0,1.0,0.0,-0.9999450089244468,0.0,-0.010487093357454841,0.0215502322898566,0.0,0.49769419423599814,0.0
-0.011034621546081097,0.0,0.9999391167102799,0.0,1.0,0.0,-0.9999391167102799,0.0,-0.011034621546081097,0.022674732153942116,0.0,0.497567597214779,0.0
-0.011599131354577609,0.0,0.999932727813136,0.0,1.0,0.0,-0.999932727813136,0.0,-0.011599131354577609,0.023834042808606768,0.0,0.49743642831972806,0.0
-0.012180761495398484,0.0,0.9999258117727495,0.0,1.0,0.0,-0.9999258117727495,0.0,-0.012180761495398484,0.025028443081253626,0.0,0.4973005959204264,0.0
-0.012779645284192084,0.0,0.9999183369987822,0.0,1.0,0.0,-0.9999183369987822,0.0,-0.012779645284192084,0.026258200467029584,0.0,0.4971600071914135,0.0
-0.013395910673956943,0.0,0.9999102707629397,0.0,1.0,0.0,-0.9999102707629397,0.0,-0.013395910673956943,0.027523571197402404,0.0,0.4970145680888366,0.0
-0.014029680289081317,0.0,0.9999015791921654,0.0,1.0,0.0,-0.9999015791921654,0.0,-0.014029680289081317,0.028824800308723766,0.0,0.49686418332933985,0.0
-0.014681071459267322,0.0,0.9998922272629225,0.0,1.0,0.0,-0.9998922272629225,0.0,-0.014681071459267322,0.03016212171078269,0.0,0.49670875637121525,0.0
-0.01535019625334074,0.0,0.9998821787965739,0.0,1.0,0.0,-0.9998821787965739,0.0,-0.01535019625334074,0.03153575825535326,0.0,0.4965481893978339,0.0
-0.016037161512948036,0.0,0.999871396455868,0.0,1.0,0.0,-0.999871396455868,0.0,-0.016037161512948036,0.03294592180474178,0.0,0.4963823833033749,0.0
-0.01674206888614227,0.0,0.9998598417425373,0.0,1.0,0.0,-0.9998598417425373,0.0,-0.01674206888614227,0.03439281330033819,0.0,0.49621123768086645,0.0
-0.017465014860860103,0.0,0.9998474749960166,0.0,1.0,0.0,-0.9998474749960166,0.0,-0.017465014860860103,0.03587662283117758,0.0,0.49603465081254944,0.0
-0.018206090798292066,0.0,0.9998342553932849,0.0,1.0,0.0,-0.9998342553932849,0.0,-0.018206090798292066,0.0373975297025173,0.0,0.49585251966257615,0.0
-0.01896538296614888,0.0,0.9998201409498347,0.0,1.0,0.0,-0.9998201409498347,0.0,-0.01896538296614888,0.038955702504436016,0.0,0.495664739872047,0.0
-0.019742972571826764,0.0,0.9998050885217719,0.0,1.0,0.0,-0.9998050885217719,0.0,-0.019742972571826764,0.0405512991804614,0.0,0.49547120575639286,0.0
-0.020538935795474913,0.0,0.9997890538090469,0.0,1.0,0.0,-0.9997890538090469,0.0,-0.020538935795474913,0.04218446709623352,0.0,0.4952718103051059,0.0
-0.02135334382296882,0.0,0.9997719913598191,0.0,1.0,0.0,-0.9997719913598191,0.0,-0.02135334382296882,0.04385534310821111,0.0,0.4950664451838168,0.0
-0.02218626287879312,0.0,0.9997538545759517,0.0,1.0,0.0,-0.9997538545759517,0.0,-0.02218626287879312,0.0455640536324287,0.0,0.4948550007387182,0.0
-0.023037754258838212,0.0,0.9997345957196386,0.0,1.0,0.0,-0.9997345957196386,0.0,-0.023037754258838212,0.04731071471331278,0.0,0.4946373660033316,0.0
-0.02390787436311508,0.0,0.9997141659211585,0.0,1.0,0.0,-0.9997141659211585,0.0,-0.02390787436311508,0.049095432092565554,0.0,0.49441342870760946,0.0
-0.02479667472839294,0.0,0.9996925151877523,0.0,1.0,0.0,-0.9996925151877523,0.0,-0.02479667472839294,0.05091830127812514,0.0,0.4941830752893641,0.0
-0.025704202060764753,0.0,0.9996695924136231,0.0,1.0,0.0,-0.9996695924136231,0.0,-0.025704202060764753,0.05277940761321181,0.0,0.49394619090801806,0.0
-0.026630498268145893,0.0,0.9996453453910493,0.0,1.0,0.0,-0.9996453453910493,0.0,-0.026630498268145893,0.05467882634546976,0.0,0.493702659460658,0.0
-0.0275756004927114,0.0,0.9996197208226069,0.0,1.0,0.0,-0.9996197208226069,0.0,-0.0275756004927114,0.056616622696214494,0.0,0.4934523636003813,0.0
-0.028539541143277763,0.0,0.9995926643344933,0.0,1.0,0.0,-0.9995926643344933,0.0,-0.028539541143277763,0.058592851929796526,0.0,0.4931951847569209,0.0
-0.029522347927635143,0.0,0.9995641204909467,0.0,1.0,0.0,-0.9995641204909467,0.0,-0.029522347927635143,0.06060755942309202,0.0,0.4929310031595294,0.0
-0.030524043884836413,0.0,0.9995340328097471,0.0,1.0,0.0,-0.9995340328097471,0.0,-0.030524043884836413,0.06266078073513122,0.0,0.4926596978621005,0.0
-0.0315446474174496,0.0,0.9995023437787971,0.0,1.0,0.0,-0.9995023437787971,0.0,-0.0315446474174496,0.06475254167687695,0.0,0.4923811467705143,0.0
-0.03258417232378041,0.0,0.9994689948737651,0.0,1.0,0.0,-0.9994689948737651,0.0,-0.03258417232378041,0.06688285838116405,0.0,0.49209522667217503,0.0
-0.033642627830071846,0.0,0.9994339265767834,0.0,1.0,0.0,-0.9994339265767834,0.0,-0.033642627830071846,0.06905173737281221,0.0,0.49180181326772326,0.0
-0.034720018622688406,0.0,0.99939707839619,0.0,1.0,0.0,-0.99939707839619,0.0,-0.034720018622688406,0.0712591756389252,0.0,0.49150078120489427,0.0
-0.03581634488029176,0.0,0.999358388887298,0.0,1.0,0.0,-0.999358388887298,0.0,-0.03581634488029176,0.07350516069938773,0.0,0.4911920041144951,0.0
-0.03693160230601613,0.0,0.9993177956741841,0.0,1.0,0.0,-0.9993177956741841,0.0,-0.03693160230601613,0.07578967067757433,0.0,0.4908753546484727,0.0
-0.03806578215965083,0.0,0.9992752354724769,0.0,1.0,0.0,-0.9992752354724769,0.0,-0.03806578215965083,0.07811267437128257,0.0,0.4905507045200395,0.0
-0.03921887128983799,0.0,0.9992306441131352,0.0,1.0,0.0,-0.9992306441131352,0.0,-0.03921887128983799,0.080474131323904,0.0,0.49021792454582974,0.0
-0.040390852166293824,0.0,0.9991839565671982,0.0,1.0,0.0,-0.9991839565671982,0.0,-0.040390852166293824,0.08287399189584689,0.0,0.4898768846900486,0.0
-0.04158170291206151,0.0,0.9991351069714911,0.0,1.0,0.0,-0.9991351069714911,0.0,-0.04158170291206151,0.08531219733622393,0.0,0.48952745411058124,0.0
-0.04279139733580439,0.0,0.9990840286552725,0.0,1.0,0.0,-0.9990840286552725,0.0,-0.04279139733580439,0.08778867985481931,0.0,0.4891695012070268,0.0
-0.04401990496414782,0.0,0.9990306541678025,0.0,1.0,0.0,-0.9990306541678025,0.0,-0.04401990496414782,0.09030336269434884,0.0,0.4888028936706181,0.0
-0.04526719107407872,0.0,0.9989749153068174,0.0,1.0,0.0,-0.9989749153068174,0.0,-0.04526719107407872,0.09285616020302782,0.0,0.48842749853599116,0.0
-0.046533216725411275,0.0,0.9989167431478891,0.0,1.0,0.0,-0.9989167431478891,0.0,-0.046533216725411275,0.09544697790746023,0.0,0.4880431822347609,0.0
-0.04781793879332805,0.0,0.9988560680746539,0.0,1.0,0.0,-0.9988560680746539,0.0,-0.04781793879332805,0.09807571258586453,0.0,0.4876498106508677,0.0
-0.04912131000100528,0.0,0.9987928198098869,0.0,1.0,0.0,-0.9987928198098869,0.0,-0.04912131000100528,0.10074225234164942,0.0,0.48724724917764706,0.0
-0.050443278952331555,0.0,0.9987269274474065,0.0,1.0,0.0,-0.9987269274474065,0.0,-0.050443278952331555,0.10344647667735529,0.0,0.4868353627765834,0.0
-0.05178379016472885,0.0,0.9986583194847852,0.0,1.0,0.0,-0.9986583194847852,0.0,-0.05178379016472885,0.1061882565689744,0.0,0.48641401603770207,0.0
-0.05314278410208542,0.0,0.9985869238568464,0.0,1.0,0.0,-0.9985869238568464,0.0,-0.05314278410208542,0.10896745454066585,0.0,0.48598307324155443,0.0
-0.054520197207809346,0.0,0.998512667969927,0.0,1.0,0.0,-0.998512667969927,0.0,-0.054520197207809346,0.11178392473987812,0.0,0.4855423984227506,0.0
-0.055915961938012085,0.0,0.998435478736882,0.0,1.0,0.0,-0.998435478736882,0.0,-0.055915961938012085,0.11463751301289477,0.0,0.4850918554349922,0.0
-0.057330006794831585,0.0,0.9983552826128104,0.0,1.0,0.0,-0.9983552826128104,0.0,-0.057330006794831585,0.11752805698081718,0.0,0.48463130801755766,0.0
-0.058762256359903633,0.0,0.9982720056314777,0.0,1.0,0.0,-0.9982720056314777,0.0,-0.058762256359903633,0.12045538611599829,0.0,0.48416061986318937,0.0
-0.06021263132799089,0.0,0.9981855734424133,0.0,1.0,0.0,-0.9981855734424133,0.0,-0.06021263132799089,0.12341932181894137,0.0,0.4836796546873357,0.0
-0.06168104854077882,0.0,0.9980959113486589,0.0,1.0,0.0,-0.9980959113486589,0.0,-0.06168104854077882,0.1264196774956781,0.0,0.4831882762986959,0.0
-0.06316742102084759,0.0,0.9980029443451431,0.0,1.0,0.0,-0.9980029443451431,0.0,-0.06316742102084759,0.12945625863563925,0.0,0.4826863486710162,0.0
-0.06467165800582862,0.0,0.9979065971576584,0.0,1.0,0.0,-0.9979065971576584,0.0,-0.06467165800582862,0.13252886289003143,0.0,0.48217373601608593,0.0
-0.06619366498275539,0.0,0.9978067942824156,0.0,1.0,0.0,-0.9978067942824156,0.0,-0.06619366498275539,0.1356372801507334,0.0,0.48165030285788,0.0
-0.0677333437226165,0.0,0.9977034600261512,0.0,1.0,0.0,-0.9977034600261512,0.0,-0.0677333437226165,0.13878129262972402,0.0,0.48111591410779564,0.0
-0.06929059231512061,0.0,0.9975965185467618,0.0,1.0,0.0,-0.9975965185467618,0.0,-0.06929059231512061,0.14196067493905637,0.0,0.4805704351409292,0.0
-0.07086530520368108,0.0,0.9974858938944395,0.0,1.0,0.0,-0.9974858938944395,0.0,-0.07086530520368108,0.1451751941713877,0.0,0.4800137318733362,0.0
-0.07245737322062952,0.0,0.9973715100532832,0.0,1.0,0.0,-0.9973715100532832,0.0,-0.07245737322062952,0.14842460998108012,0.0,0.47944567084022266,0.0
-0.07406668362266582,0.0,0.9972532909833589,0.0,1.0,0.0,-0.9972532909833589,0.0,-0.07406668362266582,0.15170867466588103,0.0,0.4788661192750105,0.0
-0.0756931201265535,0.0,0.9971311606631833,0.0,1.0,0.0,-0.9971311606631833,0.0,-0.0756931201265535,0.1550271332491967,0.0,0.4782749451892202,0.0
-0.07733656294506801,0.0,0.997005043132603,0.0,1.0,0.0,-0.997005043132603,0.0,-0.07733656294506801,0.15837972356296806,0.0,0.477672017453116,0.0
-0.07899688882320566,0.0,0.9968748625360427,0.0,1.0,0.0,-0.9968748625360427,0.0,-0.07899688882320566,0.16176617633116064,0.0,0.47705720587705425,0.0
-0.08067397107466144,0.0,0.9967405431660963,0.0,1.0,0.0,-0.9967405431660963,0.0,-0.08067397107466144,0.16518621525387764,0.0,0.4764303812934799,0.0
-0.08236767961858203,0.0,0.9966020095074315,0.0,1.0,0.0,-0.9966020095074315,0.0,-0.08236767961858203,0.16863955709210537,0.0,0.47579141563951244,0.0
-0.08407788101660214,0.0,0.9964591862809826,0.0,1.0,0.0,-0.9964591862809826,0.0,-0.08407788101660214,0.1721259117531013,0.0,0.47514018204006175,0.0
-0.08580443851017079,0.0,0.9963119984884024,0.0,1.0,0.0,-0.9963119984884024,0.0,-0.08580443851017079,0.1756449823764319,0.0,0.4744765548914186,0.0
-0.08754721205817385,0.0,0.9961603714567455,0.0,1.0,0.0,-0.9961603714567455,0.0,-0.08754721205817385,0.17919646542066875,0.0,0.4738004099452587,0.0
-0.08930605837485958,0.0,0.9960042308833563,0.0,1.0,0.0,-0.9960042308833563,0.0,-0.08930605837485958,0.1827800507507497,0.0,0.47311162439300236,0.0
-0.09108083096807346,0.0,0.9958435028809322,0.0,1.0,0.0,-0.9958435028809322,0.0,-0.09108083096807346,0.18639542172601317,0.0,0.4724100769504722,0.0
-0.09287138017780748,0.0,0.9956781140227343,0.0,1.0,0.0,-0.9956781140227343,0.0,-0.09287138017780748,0.1900422552889094,0.0,0.47169564794278745,0.0
-0.09467755321507026,0.0,0.9955079913879182,0.0,1.0,0.0,-0.9955079913879182,0.0,-0.09467755321507026,0.1937202220543965,0.0,0.47096821938943634,0.0
-0.0964991942010826,0.0,0.9953330626069555,0.0,1.0,0.0,-0.9953330626069555,0.0,-0.0964991942010826,0.19742898640002496,0.0,0.47022767508947005,0.0
-0.09833614420680348,0.0,0.9951532559071185,0.0,1.0,0.0,-0.9951532559071185,0.0,-0.09833614420680348,0.20116820655671425,0.0,0.4694739007067551,0.0
-0.10018824129279182,0.0,0.9949685001579986,0.0,1.0,0.0,-0.9949685001579986,0.0,-0.10018824129279182,0.20493753470022727,0.0,0.46870678385522657,0.0
-0.10205532054940668,0.0,0.9947787249170329,0.0,1.0,0.0,-0.9947787249170329,0.0,-0.10205532054940668,0.20873661704334173,0.0,0.46792621418408464,0.0
-0.10393721413735173,0.0,0.994583860475006,0.0,1.0,0.0,-0.994583860475006,0.0,-0.10393721413735173,0.212565093928725,0.0,0.46713208346287227,0.0
-0.10583375132856578,0.0,0.9943838379015033,0.0,1.0,0.0,-0.9943838379015033,0.0,-0.10583375132856578,0.2164225999225096,0.0,0.46632428566637696,0.0
-0.10774475854746401,0.0,0.9941785890902844,0.0,1.0,0.0,-0.9941785890902844,0.0,-0.10774475854746401,0.2203087639085735,0.0,0.46550271705929736,0.0
-0.10967005941253151,0.0,0.9939680468045499,0.0,1.0,0.0,-0.9939680468045499,0.0,-0.10967005941253151,0.22422320918352212,0.0,0.4646672762806152,0.0
-0.11160947477827253,0.0,0.9937521447220721,0.0,1.0,0.0,-0.9937521447220721,0.0,-0.11160947477827253,0.2281655535523737,0.0,0.4638178644276156,0.0
-0.1135628227775166,0.0,0.9935308174801637,0.0,1.0,0.0,-0.9935308174801637,0.0,-0.1135628227775166,0.23213540942494398,0.0,0.4629543851394965,0.0
-0.1155299188640842,0.0,0.9933040007204532,0.0,1.0,0.0,-0.9933040007204532,0.0,-0.1155299188640842,0.2361323839129301,0.0,0.46207674468050786,0.0
-0.11751057585581201,0.0,0.9930716311334422,0.0,1.0,0.0,-0.9930716311334422,0.0,-0.11751057585581201,0.24015607892768806,0.0,0.4611848520225662,0.0
-0.11950460397794008,0.0,0.9928336465028146,0.0,1.0,0.0,-0.9928336465028146,0.0,-0.11950460397794008,0.24420609127870244,0.0,0.460278618927284,0.0
-0.1215118109068596,0.0,0.9925899857494713,0.0,1.0,0.0,-0.9925899857494713,0.0,-0.1215118109068596,0.2482820127727401,0.0,0.45935796002735874,0.0
-0.12353200181422294,0.0,0.9923405889752624,0.0,1.0,0.0,-0.9923405889752624,0.0,-0.12353200181422294,0.25238343031368554,0.0,0.458422792907264,0.0
-0.12556497941141478,0.0,0.9920853975063896,0.0,1.0,0.0,-0.9920853975063896,0.0,-0.12556497941141478,0.2565099260030496,0.0,0.4574730381831881,0.0
-0.1276105439943831,0.0,0.9918243539364506,0.0,1.0,0.0,-0.9918243539364506,0.0,-0.1276105439943831,0.2606610772411435,0.0,0.45650861958216093,0.0
-0.12966849348883006,0.0,0.9915574021691015,0.0,1.0,0.0,-0.9915574021691015,0.0,-0.12966849348883006,0.26483645682891205,0.0,0.45552946402031896,0.0
-0.13173862349575974,0.0,0.9912844874603065,0.0,1.0,0.0,-0.9912844874603065,0.0,-0.13173862349575974,0.26903563307041584,0.0,0.4545355016802493,0.0
-0.13382072733738154,0.0,0.9910055564601513,0.0,1.0,0.0,-0.9910055564601513,0.0,-0.13382072733738154,0.2732581698759518,0.0,0.4535266660873605,0.0
-0.13591459610336645,0.0,0.9907205572541931,0.0,1.0,0.0,-0.9907205572541931,0.0,-0.13591459610336645,0.2775036268658036,0.0,0.45250289418522727,0.0
-0.13802001869745298,0.0,0.9904294394043196,0.0,1.0,0.0,-0.9904294394043196,0.0,-0.13802001869745298,0.2817715594746076,0.0,0.45146412640985406,0.0
-0.1401367818843998,0.0,0.9901321539890946,0.0,1.0,0.0,-0.9901321539890946,0.0,-0.1401367818843998,0.2860615190563244,0.0,0.45041030676280763,0.0
-0.14226467033728116,0.0,0.989828653643561,0.0,1.0,0.0,-0.989828653643561,0.0,-0.14226467033728116,0.29037305298980204,0.0,0.4493413828831653,0.0
-0.1444034666851202,0.0,0.9895188925984786,0.0,1.0,0.0,-0.9895188925984786,0.0,-0.1444034666851202,0.2947057047849156,0.0,0.4482573061182288,0.0
-0.14655295156085674,0.0,0.9892028267189703,0.0,1.0,0.0,-0.9892028267189703,0.0,-0.14655295156085674,0.2990590141892704,0.0,0.4471580315929521,0.0
-0.14871290364964274,0.0,0.9888804135425537,0.0,1.0,0.0,-0.9888804135425537,0.0,-0.14871290364964274,0.30343251729545084,0.0,0.4460435182780377,0.0
-0.1508830997374618,0.0,0.9885516123165321,0.0,1.0,0.0,-0.9885516123165321,0.0,-0.1508830997374618,0.3078257466488016,0.0,0.44491372905664694,0.0
-0.15306331476006454,0.0,0.9882163840347221,0.0,1.0,0.0,-0.9882163840347221,0.0,-0.15306331476006454,0.31223823135571893,0.0,0.4437686307896821,0.0
-0.15525332185221596,0.0,0.9878746914734946,0.0,1.0,0.0,-0.9878746914734946,0.0,-0.15525332185221596,0.316669497192441,0.0,0.44260819437958926,0.0
-0.15745289239724522,0.0,0.987526499227105,0.0,1.0,0.0,-0.987526499227105,0.0,-0.15745289239724522,0.3211190667143096,0.0,0.44143239483263863,0.0
-0.15966179607689324,0.0,0.9871717737422908,0.0,1.0,0.0,-0.9871717737422908,0.0,-0.15966179607689324,0.3255864593654934,0.0,0.44024121131963523,0.0
-0.16187980092144805,0.0,0.9868104833521137,0.0,1.0,0.0,-0.9868104833521137,0.0,-0.16187980092144805,0.33007119158914244,0.0,0.439034627235016,0.0
-0.1641066733601618,0.0,0.9864425983090254,0.0,1.0,0.0,-0.9864425983090254,0.0,-0.1641066733601618,0.3345727769379609,0.0,0.43781263025429246,0.0
-0.1663421782719398,0.0,0.9860680908171333,0.0,1.0,0.0,-0.9860680908171333,0.0,-0.1663421782719398,0.3390907261851717,0.0,0.436575212389792,0.0
-0.16858607903629305,0.0,0.9856869350636482,0.0,1.0,0.0,-0.9856869350636482,0.0,-0.16858607903629305,0.3436245474358512,0.0,0.43532237004466,0.0
-0.1708381375845449,0.0,0.9852991072494911,0.0,1.0,0.0,-0.9852991072494911,0.0,-0.1708381375845449,0.34817374623861114,0.0,0.4340541040650825,0.0
-0.1730981144512827,0.0,0.9849045856190388,0.0,1.0,0.0,-0.9849045856190388,0.0,-0.1730981144512827,0.35273782569760403,0.0,0.43277041979068587,0.0
-0.17536576882604307,0.0,0.9845033504889918,0.0,1.0,0.0,-0.9845033504889918,0.0,-0.17536576882604307,0.35731628658482567,0.0,0.4314713271030825,0.0
-0.17764085860522272,0.0,0.984095384276341,0.0,1.0,0.0,-0.984095384276341,0.0,-0.17764085860522272,0.36190862745269176,0.0,0.4301568404725175,0.0
-0.17992314044420174,0.0,0.9836806715254174,0.0,1.0,0.0,-0.9836806715254174,0.0,-0.17992314044420174,0.36651434474686145,0.0,0.428826979002585,0.0
-0.18221236980966932,0.0,0.9832591989340066,0.0,1.0,0.0,-0.9832591989340066,0.0,-0.18221236980966932,0.37113293291928046,0.0,0.42748176647297964,0.0
-0.18450830103214025,0.0,0.9828309553785092,0.0,1.0,0.0,-0.9828309553785092,0.0,-0.18450830103214025,0.3757638845414164,0.0,0.4261212313802458,0.0
-0.18681068735865167,0.0,0.9823959319381306,0.0,1.0,0.0,-0.9823959319381306,0.0,-0.18681068735865167,0.3804066904176637,0.0,0.4247454069764949,0.0
-0.18911928100562497,0.0,0.9819541219180841,0.0,1.0,0.0,-0.9819541219180841,0.0,-0.18911928100562497,0.38506083969887916,0.0,0.4233543313060577,0.0
-0.19143383321188417,0.0,0.9815055208717903,0.0,1.0,0.0,-0.9815055208717903,0.0,-0.19143383321188417,0.3897258199960319,0.0,0.4219480472400424,0.0
-0.19375409429181448,0.0,0.9810501266220594,0.0,1.0,0.0,-0.9810501266220594,0.0,-0.19375409429181448,0.3944011174939269,0.0,0.4205266025087697,0.0
-0.19607981368865168,0.0,0.9805879392812373,0.0,1.0,0.0,-0.9805879392812373,0.0,-0.19607981368865168,0.39908621706498254,0.0,0.4190900497320531,0.0
-0.19841074002788556,0.0,0.9801189612703076,0.0,1.0,0.0,-0.9801189612703076,0.0,-0.19841074002788556,0.40378060238302227,0.0,0.4176384464473052,0.0
-0.20074662117076597,0.0,0.9796431973369288,0.0,1.0,0.0,-0.9796431973369288,0.0,-0.20074662117076597,0.4084837560370569,0.0,0.4161718551354366,0.0
-0.20308720426789767,0.0,0.9791606545723992,0.0,1.0,0.0,-0.9791606545723992,0.0,-0.20308720426789767,0.41319515964502357,0.0,0.41469034324452897,0.0
-0.2054322358129089,0.0,0.978671342427533,0.0,1.0,0.0,-0.978671342427533,0.0,-0.2054322358129089,0.4179142939674494,0.0,0.41319398321125594,0.0
-0.20778146169618017,0.0,0.9781752727274385,0.0,1.0,0.0,-0.9781752727274385,0.0,-0.20778146169618017,0.42264063902100923,0.0,0.4116828524800331,0.0
-0.2101346272586186,0.0,0.9776724596851859,0.0,1.0,0.0,-0.9776724596851859,0.0,-0.2101346272586186,0.4273736741919445,0.0,0.41015703351987487,0.0
-0.21249147734546314,0.0,0.9771629199143521,0.0,1.0,0.0,-0.9771629199143521,0.0,-0.21249147734546314,0.4321128783493119,0.0,0.40861661383893827,0.0
-0.2148517563601058,0.0,0.9766466724404368,0.0,1.0,0.0,-0.9766466724404368,0.0,-0.2148517563601058,0.4368577299580274,0.0,0.40706168599674,0.0
-0.21721520831791413,0.0,0.9761237387111356,0.0,1.0,0.0,-0.9761237387111356,0.0,-0.21721520831791413,0.4416077071916746,0.0,0.4054923476140252,0.0
-0.21958157690003843,0.0,0.9755941426054651,0.0,1.0,0.0,-0.9755941426054651,0.0,-0.21958157690003843,0.44636228804504274,0.0,0.4039087013802782,0.0
-0.2219506055071913,0.0,0.9750579104417292,0.0,1.0,0.0,-0.9750579104417292,0.0,-0.2219506055071913,0.45112095044636324,0.0,0.40231085505885644,0.0
-0.22432203731337996,0.0,0.9745150709843202,0.0,1.0,0.0,-0.9745150709843202,0.0,-0.22432203731337996,0.45588317236920733,0.0,0.400698921489739,0.0
-0.22669561531958018,0.0,0.9739656554493474,0.0,1.0,0.0,-0.9739656554493474,0.0,-0.22669561531958018,0.4606484319440181,0.0,0.3990730185898764,0.0
-0.22907108240733187,0.0,0.9734096975090876,0.0,1.0,0.0,-0.9734096975090876,0.0,-0.22907108240733187,0.46541620756923435,0.0,0.39743326935113493,0.0
-0.23144818139224474,0.0,0.97284723329525,0.0,1.0,0.0,-0.97284723329525,0.0,-0.23144818139224474,0.47018597802198275,0.0,0.39577980183582184,0.0
-0.23382665507739367,0.0,0.9722783014010533,0.0,1.0,0.0,-0.9722783014010533,0.0,-0.23382665507739367,0.4749572225682943,0.0,0.3941127491697908,0.0
-0.23620624630659295,0.0,0.9717029428821079,0.0,1.0,0.0,-0.9717029428821079,0.0,-0.23620624630659295,0.4797294210728216,0.0,0.39243224953311767,0.0
-0.23858669801752896,0.0,0.9711212012561009,0.0,1.0,0.0,-0.9711212012561009,0.0,-0.23858669801752896,0.48450205410801594,0.0,0.3907384461483427,0.0
-0.24096775329473832,0.0,0.9705331225012808,0.0,1.0,0.0,-0.9705331225012808,0.0,-0.24096775329473832,0.48927460306273374,0.0,0.3890314872662779,0.0
-0.24334915542241423,0.0,0.9699387550537393,0.0,1.0,0.0,-0.9699387550537393,0.0,-0.24334915542241423,0.4940465502502404,0.0,0.38731152614937764,0.0
-0.24573064793702495,0.0,0.9693381498034883,0.0,1.0,0.0,-0.9693381498034883,0.0,-0.24573064793702495,0.49881737901557455,0.0,0.38557872105267,0.0
-0.24811197467973023,0.0,0.9687313600893309,0.0,1.0,0.0,-0.9687313600893309,0.0,-0.24811197467973023,0.5035865738422447,0.0,0.3838332352022522,0.0
-0.25049287984857754,0.0,0.9681184416925266,0.0,1.0,0.0,-0.9681184416925266,0.0,-0.25049287984857754,0.508353620458223,0.0,0.3820752367713524,0.0
-0.25287310805046354,0.0,0.9674994528292502,0.0,1.0,0.0,-0.9674994528292502,0.0,-0.25287310805046354,0.5131180059412002,0.0,0.3803048988539606,0.0
-0.25525240435284524,0.0,0.9668744541418455,0.0,1.0,0.0,-0.9668744541418455,0.0,-0.25525240435284524,0.5178792188230786,0.0,0.37852239943603305,0.0
-0.2576305143351856,0.0,0.9662435086888749,0.0,1.0,0.0,-0.9662435086888749,0.0,-0.2576305143351856,0.5226367491936638,0.0,0.376727921364278,0.0
-0.26000718414011553,0.0,0.9656066819339684,0.0,1.0,0.0,-0.9656066819339684,0.0,-0.26000718414011553,0.5273900888035237,0.0,0.37492165231253105,0.0
-0.2623821605243008,0.0,0.9649640417334732,0.0,1.0,0.0,-0.9649640417334732,0.0,-0.2623821605243008,0.5321387311659898,0.0,0.37310378474572686,0.0
-0.2647551909089962,0.0,0.9643156583229068,0.0,1.0,0.0,-0.9643156583229068,0.0,-0.2647551909089962,0.5368821716582655,0.0,0.371274515881476,0.0
-0.267126023430272,0.0,0.9636616043022207,0.0,1.0,0.0,-0.9636616043022207,0.0,-0.267126023430272,0.5416199076216117,0.0,0.36943404764926474,0.0
-0.2694944069888973,0.0,0.9630019546198765,0.0,1.0,0.0,-0.9630019546198765,0.0,-0.2694944069888973,0.546351438460579,0.0,0.36758258664728527,0.0
-0.27186009129987,0.0,0.9623367865557392,0.0,1.0,0.0,-0.9623367865557392,0.0,-0.27186009129987,0.5510762657412644,0.0,0.3657203440969077,0.0
-0.2742228269415711,0.0,0.9616661797027974,0.0,1.0,0.0,-0.9616661797027974,0.0,-0.2742228269415711,0.5557938932885541,0.0,0.36384753579481843,0.0
-0.2765823654045354,0.0,0.960990215947713,0.0,1.0,0.0,-0.960990215947713,0.0,-0.2765823654045354,0.560503827282328,0.0,0.3619643820628321,0.0
-0.2789384591398239,0.0,0.9603089794502084,0.0,1.0,0.0,-0.9603089794502084,0.0,-0.2789384591398239,0.5652055763526058,0.0,0.3600711076953986,0.0
-0.2812908616069801,0.0,0.9596225566213014,0.0,1.0,0.0,-0.9596225566213014,0.0,-0.2812908616069801,0.5698986516735959,0.0,0.3581679419048235,0.0
-0.283639327321562,0.0,0.9589310361003922,0.0,1.0,0.0,-0.9589310361003922,0.0,-0.283639327321562,0.5745825670566309,0.0,0.35625511826422285,0.0
-0.285983611902232,0.0,0.9582345087312153,0.0,1.0,0.0,-0.9582345087312153,0.0,-0.285983611902232,0.5792568390419572,0.0,0.35433287464823143,0.0
-0.28832347211739545,0.0,0.9575330675366619,0.0,1.0,0.0,-0.9575330675366619,0.0,-0.28832347211739545,0.5839209869893616,0.0,0.35240145317148663,0.0
-0.2906586659313723,0.0,0.9568268076924867,0.0,1.0,0.0,-0.9568268076924867,0.0,-0.2906586659313723,0.5885745331676023,0.0,0.3504611001249145,0.0
-0.29298895255009205,0.0,0.9561158264999068,0.0,1.0,0.0,-0.9561158264999068,0.0,-0.29298895255009205,0.5932170028426316,0.0,0.34851206590983763,0.0
-0.2953140924662986,0.0,0.9554002233571052,0.0,1.0,0.0,-0.9554002233571052,0.0,-0.2953140924662986,0.5978479243645779,0.0,0.34655460496993484,0.0
-0.29763384750425276,0.0,0.9546800997296504,0.0,1.0,0.0,-0.9546800997296504,0.0,-0.29763384750425276,0.6024668292534714,0.0,0.34458897572107533,0.0
-0.29994798086392505,0.0,0.9539555591198441,0.0,1.0,0.0,-0.9539555591198441,0.0,-0.29994798086392505,0.6070732522836965,0.0,0.3426154404790567,0.0
-0.3022562571646616,0.0,0.9532267070350106,0.0,1.0,0.0,-0.9532267070350106,0.0,-0.3022562571646616,0.611666731567139,0.0,0.3406342653852773,0.0
-0.3045584424883193,0.0,0.9524936509547395,0.0,1.0,0.0,-0.9524936509547395,0.0,-0.3045584424883193,0.6162468086350242,0.0,0.33864572033036755,0.0
-0.3068543044218551,0.0,0.9517565002970978,0.0,1.0,0.0,-0.9517565002970978,0.0,-0.3068543044218551,0.6208130285184175,0.0,0.3366500788758151,0.0
-0.30914361209936375,0.0,0.9510153663838236,0.0,1.0,0.0,-0.9510153663838236,0.0,-0.30914361209936375,0.6253649398273764,0.0,0.33464761817361366,0.0
-0.3114261362435519,0.0,0.9502703624045173,0.0,1.0,0.0,-0.9502703624045173,0.0,-0.3114261362435519,0.6299020948287355,0.0,0.33263861888396723,0.0
-0.3137016492066406,0.0,0.9495216033798461,0.0,1.0,0.0,-0.9495216033798461,0.0,-0.3137016492066406,0.6344240495225095,0.0,0.3306233650910843,0.0
-0.31596992501068993,0.0,0.9487692061237754,0.0,1.0,0.0,-0.9487692061237754,0.0,-0.31596992501068993,0.6389303637169049,0.0,0.3286021442170944,0.0
-0.31823073938733465,0.0,0.9480132892048456,0.0,1.0,0.0,-0.9480132892048456,0.0,-0.31823073938733465,0.6434206011019206,0.0,0.3265752469341239,0.0
-0.3204838698169264,0.0,0.9472539729065101,0.0,1.0,0.0,-0.9472539729065101,0.0,-0.3204838698169264,0.647894329321532,0.0,0.3245429670745645,0.0
-0.32272909556707247,0.0,0.9464913791865509,0.0,1.0,0.0,-0.9464913791865509,0.0,-0.32272909556707247,0.6523511200444431,0.0,0.32250560153957347,0.0
-0.3249661977305702,0.0,0.9457256316355902,0.0,1.0,0.0,-0.9457256316355902,0.0,-0.3249661977305702,0.6567905490334041,0.0,0.3204634502058412,0.0
-0.3271949592627227,0.0,0.9449568554347152,0.0,1.0,0.0,-0.9449568554347152,0.0,-0.3271949592627227,0.6612121962130746,0.0,0.3184168158306634,0.0
-0.3294151650180403,0.0,0.9441851773122354,0.0,1.0,0.0,-0.9441851773122354,0.0,-0.3294151650180403,0.665615645736441,0.0,0.31636600395535963,0.0
-0.3316266017863145,0.0,0.9434107254995892,0.0,1.0,0.0,-0.9434107254995892,0.0,-0.3316266017863145,0.6700004860497649,0.0,0.3143113228070734,0.0
-0.33382905832806464,0.0,0.9426336296864215,0.0,1.0,0.0,-0.9426336296864215,0.0,-0.33382905832806464,0.6743663099560712,0.0,0.31225308319899914,0.0
-0.3360223254093543,0.0,0.9418540209748483,0.0,1.0,0.0,-0.9418540209748483,0.0,-0.3360223254093543,0.6787127146771665,0.0,0.31019159842906896,0.0
-0.3382061958359679,0.0,0.941072031832932,0.0,1.0,0.0,-0.941072031832932,0.0,-0.3382061958359679,0.683039301914182,0.0,0.3081271841771511,0.0
-0.3403804644869534,0.0,0.9402877960473834,0.0,1.0,0.0,-0.9402877960473834,0.0,-0.3403804644869534,0.6873456779066465,0.0,0.30606015840079065,0.0
-0.34254492834752226,0.0,0.9395014486755148,0.0,1.0,0.0,-0.9395014486755148,0.0,-0.34254492834752226,0.6916314534900833,0.0,0.3039908412295439,0.0
-0.3446993865413083,0.0,0.93871312599646,0.0,1.0,0.0,-0.93871312599646,0.0,-0.3446993865413083,0.6958962441521379,0.0,0.3019195548579422,0.0
-0.34684364036198306,0.0,0.9379229654616883,0.0,1.0,0.0,-0.9379229654616883,0.0,-0.34684364036198306,0.7001396700872312,0.0,0.29984662343713564,0.0
-0.34897749330422667,0.0,0.9371311056448284,0.0,1.0,0.0,-0.9371311056448284,0.0,-0.34897749330422667,0.7043613562497456,0.0,0.29777237296525394,0.0
-0.35110075109405753,0.0,0.9363376861908255,0.0,1.0,0.0,-0.9363376861908255,0.0,-0.35110075109405753,0.7085609324057526,0.0,0.29569713117653174,0.0
-0.353213221718515,0.0,0.9355428477644555,0.0,1.0,0.0,-0.9355428477644555,0.0,-0.353213221718515,0.7127380331832764,0.0,0.2936212274292451,0.0
-0.35531471545470517,0.0,0.9347467319982146,0.0,1.0,0.0,-0.9347467319982146,0.0,-0.35531471545470517,0.7168922981211173,0.0,0.2915449925924981,0.0
-0.35740504489820013,0.0,0.9339494814396095,0.0,1.0,0.0,-0.9339494814396095,0.0,-0.35740504489820013,0.7210233717162197,0.0,0.28946875893191304,0.0
-0.3594840249908064,0.0,0.933151239497869,0.0,1.0,0.0,-0.933151239497869,0.0,-0.3594840249908064,0.725130903469622,0.0,0.2873928599942607,0.0
-0.3615514730476913,0.0,0.9323521503901004,0.0,1.0,0.0,-0.9323521503901004,0.0,-0.3615514730476913,0.7292145479309725,0.0,0.28531763049108566,0.0
-0.3636072087838828,0.0,0.9315523590869135,0.0,1.0,0.0,-0.9315523590869135,0.0,-0.3636072087838828,0.7332739647416437,0.0,0.2832434061813668,0.0
-0.36565105434013856,0.0,0.9307520112575342,0.0,1.0,0.0,-0.9307520112575342,0.0,-0.36565105434013856,0.7373088186764426,0.0,0.2811705237532607,0.0
-0.3676828343081926,0.0,0.9299512532144328,0.0,1.0,0.0,-0.9299512532144328,0.0,-0.3676828343081926,0.7413187796839421,0.0,0.27909932070497684,0.0
-0.3697023757553851,0.0,0.9291502318574881,0.0,1.0,0.0,-0.9291502318574881,0.0,-0.3697023757553851,0.7453035229254455,0.0,0.27703013522482733,0.0
-0.37170950824867627,0.0,0.9283490946177129,0.0,1.0,0.0,-0.9283490946177129,0.0,-0.37170950824867627,0.7492627288125924,0.0,0.274963306070505,0.0
-0.37370406387805805,0.0,0.9275479894005616,0.0,1.0,0.0,-0.9275479894005616,0.0,-0.37370406387805805,0.7531960830436409,0.0,0.2728991724476274,0.0
-0.3756858772793623,0.0,0.9267470645288476,0.0,1.0,0.0,-0.9267470645288476,0.0,-0.3756858772793623,0.7571032766384264,0.0,0.2708380738876029,0.0
-0.3776547856564795,0.0,0.92594646868529,0.0,1.0,0.0,-0.92594646868529,0.0,-0.3776547856564795,0.7609840059720299,0.0,0.2687803501248614,0.0
-0.3796106288029921,0.0,0.9251463508547159,0.0,1.0,0.0,-0.9251463508547159,0.0,-0.3796106288029921,0.7648379728071731,0.0,0.26672634097349657,0.0
-0.3815532491232315,0.0,0.9243468602659421,0.0,1.0,0.0,-0.9243468602659421,0.0,-0.3815532491232315,0.7686648843253596,0.0,0.2646763862033706,0.0
-0.38348249165276665,0.0,0.9235481463333602,0.0,1.0,0.0,-0.9235481463333602,0.0,-0.38348249165276665,0.7724644531567854,0.0,0.2626308254157271,0.0
-0.38539820407833764,0.0,0.9227503585982463,0.0,1.0,0.0,-0.9227503585982463,0.0,-0.38539820407833764,0.7762363974090526,0.0,0.26058999791835546,0.0
-0.3873002367572394,0.0,0.9219536466698238,0.0,1.0,0.0,-0.9219536466698238,0.0,-0.3873002367572394,0.779980440694699,0.0,0.2585542426003613,0.0
-0.38918844273616865,0.0,0.9211581601661009,0.0,1.0,0.0,-0.9211581601661009,0.0,-0.38918844273616865,0.7836963121575771,0.0,0.25652389780658524,0.0
-0.39106267776954423,0.0,0.9203640486545058,0.0,1.0,0.0,-0.9203640486545058,0.0,-0.39106267776954423,0.7873837464981096,0.0,0.25449930121171815,0.0
-0.3929228003373119,0.0,0.9195714615923468,0.0,1.0,0.0,-0.9195714615923468,0.0,-0.3929228003373119,0.7910424839974463,0.0,0.25248078969416143,0.0
-0.39476867166224966,0.0,0.9187805482671164,0.0,1.0,0.0,-0.9187805482671164,0.0,-0.39476867166224966,0.7946722705405636,0.0,0.2504686992096735,0.0
-0.3966001557267744,0.0,0.917991457736671,0.0,1.0,0.0,-0.917991457736671,0.0,-0.3966001557267744,0.7982728576383107,0.0,0.24846336466486318,0.0
-0.3984171192892824,0.0,0.9172043387693005,0.0,1.0,0.0,-0.9172043387693005,0.0,-0.3984171192892824,0.8018440024484759,0.0,0.24646511979055447,0.0
-0.40021943190001297,0.0,0.9164193397837209,0.0,1.0,0.0,-0.9164193397837209,0.0,-0.40021943190001297,0.8053854677958548,0.0,0.24447429701509305,0.0
-0.40200696591647367,0.0,0.915636608789006,0.0,1.0,0.0,-0.915636608789006,0.0,-0.40200696591647367,0.8088970221914065,0.0,0.2424912273376192,0.0
-0.4037795965184177,0.0,0.9148562933244891,0.0,1.0,0.0,-0.9148562933244891,0.0,-0.4037795965184177,0.812378439850481,0.0,0.2405162402013724,0.0
-0.4055372017224085,0.0,0.9140785403996522,0.0,1.0,0.0,-0.9140785403996522,0.0,-0.4055372017224085,0.8158295007101952,0.0,0.23854966336705657,0.0
-0.40727966239597324,0.0,0.9133034964340289,0.0,1.0,0.0,-0.9133034964340289,0.0,-0.40727966239597324,0.8192499904459681,0.0,0.23659182278632007,0.0
-0.409006862271366,0.0,0.9125313071971459,0.0,1.0,0.0,-0.9125313071971459,0.0,-0.409006862271366,0.8226397004872606,0.0,0.23464304247539558,0.0
