0.0,0.0,1.0,0.0,1.0,0.0,-1.0,0.0,0.0,0.0,0.0,0.5,0.0
0.0,0.0,1.0,0.0,1.0,0.0,-1.0,0.0,0.0,8.893636308935964e-08,-1.5683651851790566e-07,0.4999999745587812,0.0
0.0,0.0,1.0,0.0,1.0,0.0,-1.0,0.0,0.0,7.088141183037453e-07,-1.2499717183105555e-06,0.4999997972359738,0.0
-2.2005574442527486e-06,0.0,0.9999999999975788,0.0,1.0,0.0,-0.9999999999975788,0.0,-2.2005574442527486e-06,2.3832309132709346e-06,-4.202755137729307e-06,0.4999993182479109,0.0
-5.196442802860254e-06,0.0,0.9999999999864985,0.0,1.0,0.0,-0.9999999999864985,0.0,-5.196442802860254e-06,5.627809377276172e-06,-9.924474702878822e-06,0.49999839008779456,0.0
-1.011091641797922e-05,0.0,0.9999999999488847,0.0,1.0,0.0,-0.9999999999488847,0.0,-1.011091641797922e-05,1.095023507252199e-05,-1.9310427925653744e-05,0.4999968675056785,0.0
-1.7405466885657868e-05,0.0,0.9999999998485248,0.0,1.0,0.0,-0.9999999998485248,0.0,-1.7405466885657868e-05,1.8850294791371124e-05,-3.324199310177541e-05,0.4999946074896599,0.0
-2.7534331995697915e-05,0.0,0.9999999996209303,0.0,1.0,0.0,-0.9999999996209303,0.0,-2.7534331995697915e-05,2.9819913850787175e-05,-5.258670050882855e-05,0.4999914692435676,0.0
-4.0944536009634145e-05,0.0,0.9999999991617725,0.0,1.0,0.0,-0.9999999991617725,0.0,-4.0944536009634145e-05,4.4343192882253306e-05,-7.819830360429792e-05,0.49998731416288933,0.0
-5.807592693765295e-05,0.0,0.9999999983135933,0.0,1.0,0.0,-0.9999999983135933,0.0,-5.807592693765295e-05,6.289644408600057e-05,-0.00011091685022360505,0.49998200580883034,0.0
-7.936121381389122e-05,0.0,0.9999999968508989,0.0,1.0,0.0,-0.9999999968508989,0.0,-7.936121381389122e-05,8.594822698251075e-05,-0.00015156875377814497,0.49997540988062145,0.0
-0.00010522600396940304,0.0,0.999999994463744,0.0,1.0,0.0,-0.999999994463744,0.0,-0.00010522600396940304,0.00011395938369392042,-0.0002009668644533228,0.49996739418619307,0.0
-0.00013608884030191808,0.0,0.9999999907399137,0.0,1.0,0.0,-0.9999999907399137,0.0,-0.00013608884030191808,0.00014738307378746543,-0.00025991054040659043,0.499957828611332,0.0
-0.0001723612385413435,0.0,0.9999999851458016,0.0,1.0,0.0,-0.9999999851458016,0.0,-0.0001723612385413435,0.0001866648087102713,-0.00032918571896548357,0.499946585087426,0.0
-0.00021444772450978237,0.0,0.9999999770060864,0.0,1.0,0.0,-0.9999999770060864,0.0,-0.00021444772450978237,0.00023224248584631995,-0.00040956498782565776,0.4999335375579113,0.0
-0.000262745871374662,0.0,0.999999965482303,0.0,1.0,0.0,-0.999999965482303,0.0,-0.000262745871374662,0.0002845464222228931,-0.0005018076562489257,0.49991856194352197,0.0
-0.00031764633689337977,0.0,0.9999999495504011,0.0,1.0,0.0,-0.9999999495504011,0.0,-0.00031764633689337977,0.0003439993878948297,-0.0006066598262612936,0.4999015361064483,0.0
-0.00037953290064769317,0.0,0.999999927977386,0.0,1.0,0.0,-0.999999927977386,0.0,-0.00037953290064769317,0.0004110166390327433,-0.0007248544638509982,0.499882339813502,0.0
-0.0004487825012658966,0.0,0.9999998992971282,0.0,1.0,0.0,-0.9999998992971282,0.0,-0.0004487825012658966,0.00048600595074076733,-0.0008571114701665426,0.49986085469838637,0.0
-0.0005257652736306536,0.0,0.999999861785429,0.0,1.0,0.0,-0.999999861785429,0.0,-0.0005257652736306536,0.0005693676496283854,-0.0010041377527147343,0.4998369642231649,0.0
-0.0006108445860701737,0.0,0.9999998134344285,0.0,1.0,0.0,-0.9999998134344285,0.0,-0.0006108445860701737,0.0006614946461601865,-0.001166627296558721,0.4998105536390225,0.0
-0.0007043770775302632,0.0,0.9999997519264355,0.0,1.0,0.0,-0.9999997519264355,0.0,-0.0007043770775302632,0.0007627724668061213,-0.0013452612355160272,0.49978150994640674,0.0
-0.0008067126947246129,0.0,0.9999996746072611,0.0,1.0,0.0,-0.9999996746072611,0.0,-0.0008067126947246129,0.0008735792860140939,-0.0015407079233565914,0.4997497218546384,0.0
-0.0009181947292605395,0.0,0.9999995784591307,0.0,1.0,0.0,-0.9999995784591307,0.0,-0.0009181947292605395,0.000994285958025716,-0.0017536230050008025,0.49971507974107293,0.0
-0.0010391598547372517,0.0,0.9999994600732524,0.0,1.0,0.0,-0.9999994600732524,0.0,-0.0010391598547372517,0.0011252560485556422,-0.0019846494877175354,0.4996774756098987,0.0
-0.0011699381638135859,0.0,0.9999993156221122,0.0,1.0,0.0,-0.9999993156221122,0.0,-0.0011699381638135859,0.0012668458663531955,-0.002234417812322192,0.4996368030506481,0.0
-0.0013108532052420274,0.0,0.999999140831568,0.0,1.0,0.0,-0.999999140831568,0.0,-0.0013108532052420274,0.001419404494665186,-0.002503545924374732,0.4995929571965015,0.0
-0.0014622220208657334,0.0,0.9999989309528095,0.0,1.0,0.0,-0.9999989309528095,0.0,-0.0014622220208657334,0.001583273822617114,-0.002792639345377711,0.4995458346824576,0.0
-0.0016243551825751827,0.0,0.9999986807342502,0.0,1.0,0.0,-0.9999986807342502,0.0,-0.0016243551825751827,0.0017587885765298014,-0.003102291243974324,0.4994953336034434,0.0
-0.0017975568292209673,0.0,0.9999983843934178,0.0,1.0,0.0,-0.9999983843934178,0.0,-0.0017975568292209673,0.001946276351187494,-0.0034330825071464295,0.49944135347243374,0.0
-0.0019821247034792176,0.0,0.9999980355889004,0.0,1.0,0.0,-0.9999980355889004,0.0,-0.0019821247034792176,0.0021460576410726544,-0.0037855818114126,0.49938379517864895,0.0
-0.002178350188666048,0.0,0.9999976273924132,0.0,1.0,0.0,-0.9999976273924132,0.0,-0.002178350188666048,0.0023584458715822758,-0.004160345694026147,0.4993225609458965,0.0
-0.002386518345497413,0.0,0.9999971522610385,0.0,1.0,0.0,-0.9999971522610385,0.0,-0.002386518345497413,0.002583747430239216,-0.004557918624173166,0.4992575542911186,0.0
-0.0026069079487907004,0.0,0.9999966020097001,0.0,1.0,0.0,-0.9999966020097001,0.0,-0.0026069079487907004,0.0028222616979126634,-0.004978833074170565,0.49918867998321065,0.0
-0.002839791524104415,0.0,0.9999959677839204,0.0,1.0,0.0,-0.9999959677839204,0.0,-0.002839791524104415,0.003074281080059427,-0.005423609590664115,0.49911584400216596,0.0
-0.0030854353843122614,0.0,0.999995240032916,0.0,1.0,0.0,-0.999995240032916,0.0,-0.0030854353843122614,0.003340091037998891,-0.005892756865826466,0.49903895349860683,0.0
-0.0033440996661080083,0.0,0.9999944084830791,0.0,1.0,0.0,-0.9999944084830791,0.0,-0.0033440996661080083,0.003619970120232695,-0.0063867718085552075,0.4989579167537554,0.0
-0.003616038366437496,0.0,0.9999934621118942,0.0,1.0,0.0,-0.9999934621118942,0.0,-0.003616038366437496,0.0039141899938200985,-0.006906139615670884,0.4988726431398978,0.0
-0.0039014993788542424,0.0,0.9999923891223357,0.0,1.0,0.0,-0.9999923891223357,0.0,-0.0039014993788542424,0.004223015475819815,-0.007451333843115043,0.4987830430813932,0.0
-0.004200724529795133,0.0,0.999991176917789,0.0,1.0,0.0,-0.999991176917789,0.0,-0.004200724529795133,0.004546704564807495,-0.008022816477148274,0.498689028016275,0.0
-0.004513949614772767,0.0,0.9999898120775408,0.0,1.0,0.0,-0.9999898120775408,0.0,-0.004513949614772767,0.004885508472478997,-0.008621038005548238,0.4985905103584933,0.0
-0.0048414044344811304,0.0,0.9999882803328756,0.0,1.0,0.0,-0.9999882803328756,0.0,-0.0048414044344811304,0.005239671655348064,-0.009246437488807706,0.49848740346084164,0.0
-0.005183312830811369,0.0,0.9999865665438201,0.0,1.0,0.0,-0.9999865665438201,0.0,-0.005183312830811369,0.005609431846546916,-0.009899442631332592,0.498379621578613,0.0
-0.005539892722774547,0.0,0.9999846546765706,0.0,1.0,0.0,-0.9999846546765706,0.0,-0.005539892722774547,0.005995020087737894,-0.010580469852640002,0.49826707983402363,0.0
-0.00591135614232841,0.0,0.9999825277816401,0.0,1.0,0.0,-0.9999825277816401,0.0,-0.00591135614232841,0.006396660761144221,-0.011289924358556263,0.4981496941814475,0.0
-0.006297909270105323,0.0,0.9999801679727581,0.0,1.0,0.0,-0.9999801679727581,0.0,-0.006297909270105323,0.006814571621706726,-0.012028200212414953,0.4980273813734953,0.0
-0.0066997524710387165,0.0,0.999977556406556,0.0,1.0,0.0,-0.999977556406556,0.0,-0.0066997524710387165,0.007248963829374084,-0.012795680406254952,0.4979000589279759,0.0
-0.007117080329885527,0.0,0.9999746732630672,0.0,1.0,0.0,-0.9999746732630672,0.0,-0.007117080329885527,0.007700041981533029,-0.013592736932018464,0.4977676450957734,0.0
-0.007550081686642321,0.0,0.9999714977270727,0.0,1.0,0.0,-0.9999714977270727,0.0,-0.007550081686642321,0.008168004145584917,-0.014419730852749061,0.4976300588296709,0.0
-0.007998939671852967,0.0,0.999968007970318,0.0,1.0,0.0,-0.999968007970318,0.0,-0.007998939671852967,0.00865304189167529,-0.015277012373789733,0.49748721975415333,0.0
-0.00846383174180594,0.0,0.9999641811346276,0.0,1.0,0.0,-0.9999641811346276,0.0,-0.00846383174180594,0.009155340325581589,-0.016164920913980897,0.4973390481362157,0.0
-0.008944929713619532,0.0,0.9999599933159418,0.0,1.0,0.0,-0.9999599933159418,0.0,-0.008944929713619532,0.009675078121765494,-0.017083785176858445,0.4971854648572051,0.0
-0.009442399800213547,0.0,0.9999554195492981,0.0,1.0,0.0,-0.9999554195492981,0.0,-0.009442399800213547,0.010212427556594739,-0.018033923221851794,0.4970263913857209,0.0
-0.009956402645166132,0.0,0.9999504337947793,0.0,1.0,0.0,-0.9999504337947793,0.0,-0.009956402645166132,0.010767554541740092,-0.019015642535481908,0.49686174975159697,0.0
-0.010487093357454841,0.0,0.9999450089244468,0.0,1.0,0.0,-0.9999450089244468,0.0,-0.010487093357454841,0.011340618657752313,-0.02002924010255934,0.49669146252098795,0.0
-0.011034621546081097,0.0,0.9999391167102799,0.0,1.0,0.0,-0.9999391167102799,0.0,-0.011034621546081097,0.011931773187824315,-0.021075002477382268,0.4965154527725801,0.0
-0.011599131354577609,0.0,0.999932727813136,0.0,1.0,0.0,-0.999932727813136,0.0,-0.011599131354577609,0.012541165151742958,-0.022153205854934525,0.49633364407494435,0.0
-0.012180761495398484,0.0,0.9999258117727495,0.0,1.0,0.0,-0.9999258117727495,0.0,-0.012180761495398484,0.013168935340035508,-0.023264116142083652,0.4961459604650506,0.0
-0.012779645284192084,0.0,0.9999183369987822,0.0,1.0,0.0,-0.9999183369987822,0.0,-0.012779645284192084,0.01381521834831497,-0.024407989028778915,0.49595232642795756,0.0
-0.013395910673956943,0.0,0.9999102707629397,0.0,1.0,0.0,-0.9999102707629397,0.0,-0.013395910673956943,0.014480142611828995,-0.025585070059249367,0.4957526668776926,0.0
-0.014029680289081317,0.0,0.9999015791921654,0.0,1.0,0.0,-0.9999015791921654,0.0,-0.014029680289081317,0.015163830440216514,-0.026795594703201843,0.4955469071393351,0.0
-0.014681071459267322,0.0,0.9998922272629225,0.0,1.0,0.0,-0.9998922272629225,0.0,-0.014681071459267322,0.015866398052476624,-0.028039788427019045,0.49533497293231393,0.0
-0.01535019625334074,0.0,0.9998821787965739,0.0,1.0,0.0,-0.9998821787965739,0.0,-0.01535019625334074,0.01658795561215365,-0.02931786676495755,0.49511679035492934,0.0
-0.016037161512948036,0.0,0.999871396455868,0.0,1.0,0.0,-0.999871396455868,0.0,-0.016037161512948036,0.017328607262742657,-0.030630035390345867,0.49489228587010714,0.0
-0.01674206888614227,0.0,0.9998598417425373,0.0,1.0,0.0,-0.9998598417425373,0.0,-0.01674206888614227,0.018088451163319603,-0.03197649018678241,0.4946613862923932,0.0
-0.017465014860860103,0.0,0.9998474749960166,0.0,1.0,0.0,-0.9998474749960166,0.0,-0.017465014860860103,0.018867579524400106,-0.03335741731933365,0.49442401877619346,0.0
-0.018206090798292066,0.0,0.9998342553932849,0.0,1.0,0.0,-0.9998342553932849,0.0,-0.018206090798292066,0.019666078644030936,-0.03477299330573204,0.49418011080526464,0.0
-0.01896538296614888,0.0,0.9998201409498347,0.0,1.0,0.0,-0.9998201409498347,0.0,-0.01896538296614888,0.020484028944118212,-0.03622338508757412,0.4939295901834576,0.0
-0.019742972571826764,0.0,0.9998050885217719,0.0,1.0,0.0,-0.9998050885217719,0.0,-0.019742972571826764,0.021321505006996255,-0.037708750101518536,0.49367238502671656,0.0
-0.020538935795474913,0.0,0.9997890538090469,0.0,1.0,0.0,-0.9997890538090469,0.0,-0.020538935795474913,0.022178575612241378,-0.03922923635048403,0.49340842375633465,0.0
-0.02135334382296882,0.0,0.9997719913598191,0.0,1.0,0.0,-0.9997719913598191,0.0,-0.02135334382296882,0.02305530377373425,-0.04078498247484758,0.4931376350934641,0.0
-0.02218626287879312,0.0,0.9997538545759517,0.0,1.0,0.0,-0.9997538545759517,0.0,-0.02218626287879312,0.02395174677697503,-0.042376117823642354,0.492859948054881,0.0
-0.023037754258838212,0.0,0.9997345957196386,0.0,1.0,0.0,-0.9997345957196386,0.0,-0.023037754258838212,0.02486795621665547,-0.044002762525755745,0.49257529195000105,0.0
-0.02390787436311508,0.0,0.9997141659211585,0.0,1.0,0.0,-0.9997141659211585,0.0,-0.02390787436311508,0.025803978034491682,-0.04566502756112742,0.4922835963791419,0.0
-0.02479667472839294,0.0,0.9996925151877523,0.0,1.0,0.0,-0.9996925151877523,0.0,-0.02479667472839294,0.026759852557321644,-0.04736301483194745,0.49198479123302674,0.0
-0.025704202060764753,0.0,0.9996695924136231,0.0,1.0,0.0,-0.9996695924136231,0.0,-0.025704202060764753,0.027735614535471895,-0.04909681723385416,0.4916788066935248,0.0
-0.026630498268145893,0.0,0.9996453453910493,0.0,1.0,0.0,-0.9996453453910493,0.0,-0.026630498268145893,0.028731293181397066,-0.05086651872713235,0.49136557323561897,0.0
-0.0275756004927114,0.0,0.9996197208226069,0.0,1.0,0.0,-0.9996197208226069,0.0,-0.0275756004927114,0.029746912208596328,-0.05267219440791121,0.4910450216305929,0.0
-0.028539541143277763,0.0,0.9995926643344933,0.0,1.0,0.0,-0.9995926643344933,0.0,-0.028539541143277763,0.030782489870811218,-0.054513910579362404,0.49071708295042976,0.0
-0.029522347927635143,0.0,0.9995641204909467,0.0,1.0,0.0,-0.9995641204909467,0.0,-0.029522347927635143,0.03183803900150886,-0.056391724822898136,0.49038168857341047,0.0
-0.030524043884836413,0.0,0.9995340328097471,0.0,1.0,0.0,-0.9995340328097471,0.0,-0.030524043884836413,0.03291356705365399,-0.05830568606936908,0.4900387701908994,0.0
-0.0315446474174496,0.0,0.9995023437787971,0.0,1.0,0.0,-0.9995023437787971,0.0,-0.0315446474174496,0.03400907613977544,-0.060255834670262555,0.4896882598153087,0.0
-0.03258417232378041,0.0,0.9994689948737651,0.0,1.0,0.0,-0.9994689948737651,0.0,-0.03258417232378041,0.035124563072329584,-0.062242202468900484,0.48933008978922354,0.0
-0.033642627830071846,0.0,0.9994339265767834,0.0,1.0,0.0,-0.9994339265767834,0.0,-0.033642627830071846,0.03626001940436584,-0.06426481287163738,0.488964192795677,0.0
-0.034720018622688406,0.0,0.99939707839619,0.0,1.0,0.0,-0.99939707839619,0.0,-0.034720018622688406,0.03741543147049847,-0.06632368091905856,0.488590501869559,0.0
-0.03581634488029176,0.0,0.999358388887298,0.0,1.0,0.0,-0.999358388887298,0.0,-0.03581634488029176,0.03859078042818814,-0.06841881335717795,0.48820895041014273,0.0
-0.03693160230601613,0.0,0.9993177956741841,0.0,1.0,0.0,-0.9993177956741841,0.0,-0.03693160230601613,0.039786042299338194,-0.0705502087086363,0.48781947219471256,0.0
-0.03806578215965083,0.0,0.9992752354724769,0.0,1.0,0.0,-0.9992752354724769,0.0,-0.03806578215965083,0.04100118801220889,-0.07271785734389918,0.48742200139327435,0.0
-0.03921887128983799,0.0,0.9992306441131352,0.0,1.0,0.0,-0.9992306441131352,0.0,-0.03921887128983799,0.04223618344365461,-0.07492174155245493,0.48701647258433245,0.0
-0.040390852166293824,0.0,0.9991839565671982,0.0,1.0,0.0,-0.9991839565671982,0.0,-0.040390852166293824,0.04349098946168764,-0.0771618356140128,0.4866028207717115,0.0
-0.04158170291206151,0.0,0.9991351069714911,0.0,1.0,0.0,-0.9991351069714911,0.0,-0.04158170291206151,0.04476556196837243,-0.07943810586970093,0.48618098140240495,0.0
-0.04279139733580439,0.0,0.9990840286552725,0.0,1.0,0.0,-0.9990840286552725,0.0,-0.04279139733580439,0.046059851943054876,-0.08175051079326447,0.48575089038542846,0.0
-0.04401990496414782,0.0,0.9990306541678025,0.0,1.0,0.0,-0.9990306541678025,0.0,-0.04401990496414782,0.0473738054859299,-0.08409900106226344,0.4853124841116578,0.0
-0.04526719107407872,0.0,0.9989749153068174,0.0,1.0,0.0,-0.9989749153068174,0.0,-0.04526719107407872,0.048707363861952215,-0.08648351962927098,0.4848656994746291,0.0
-0.046533216725411275,0.0,0.9989167431478891,0.0,1.0,0.0,-0.9989167431478891,0.0,-0.046533216725411275,0.050060463545092866,-0.0889040017930712,0.48441047389227765,0.0
-0.04781793879332805,0.0,0.9988560680746539,0.0,1.0,0.0,-0.9988560680746539,0.0,-0.04781793879332805,0.051433036262946756,-0.09136037526985742,0.48394674532959425,0.0
-0.04912131000100528,0.0,0.9987928198098869,0.0,1.0,0.0,-0.9987928198098869,0.0,-0.04912131000100528,0.05282500904169339,-0.09385256026442995,0.4834744523221722,0.0
-0.050443278952331555,0.0,0.9987269274474065,0.0,1.0,0.0,-0.9987269274474065,0.0,-0.050443278952331555,0.054236304251415866,-0.09638046954139441,0.48299353400062317,0.0
-0.05178379016472885,0.0,0.9986583194847852,0.0,1.0,0.0,-0.9986583194847852,0.0,-0.05178379016472885,0.05566683965178043,-0.09894400849635945,0.48250393011583526,0.0
-0.05314278410208542,0.0,0.9985869238568464,0.0,1.0,0.0,-0.9985869238568464,0.0,-0.05314278410208542,0.05711652843808094,-0.10154307522713509,0.4820055810650482,0.0
-0.054520197207809346,0.0,0.998512667969927,0.0,1.0,0.0,-0.998512667969927,0.0,-0.054520197207809346,0.05858527928765095,-0.10417756060493065,0.4814984279187192,0.0
-0.055915961938012085,0.0,0.998435478736882,0.0,1.0,0.0,-0.998435478736882,0.0,-0.055915961938012085,0.06007299640664674,-0.10684734834555261,0.4809824124481535,0.0
-0.057330006794831585,0.0,0.9983552826128104,0.0,1.0,0.0,-0.9983552826128104,0.0,-0.057330006794831585,0.06157957957720473,-0.10955231508060297,0.4804574771538715,0.0
-0.058762256359903633,0.0,0.9982720056314777,0.0,1.0,0.0,-0.9982720056314777,0.0,-0.058762256359903633,0.06310492420497535,-0.11229233042867699,0.4799235652946858,0.0
-0.06021263132799089,0.0,0.9981855734424133,0.0,1.0,0.0,-0.9981855734424133,0.0,-0.06021263132799089,0.06464892136703682,-0.11506725706656146,0.4793806209174595,0.0
-0.06168104854077882,0.0,0.9980959113486589,0.0,1.0,0.0,-0.9980959113486589,0.0,-0.06168104854077882,0.06621145786019127,-0.11787695080043246,0.4788285888875172,0.0
-0.06316742102084759,0.0,0.9980029443451431,0.0,1.0,0.0,-0.9980029443451431,0.0,-0.06316742102084759,0.06779241624964548,-0.12072126063705375,0.4782674149196816,0.0
-0.06467165800582862,0.0,0.9979065971576584,0.0,1.0,0.0,-0.9979065971576584,0.0,-0.06467165800582862,0.06939167491807827,-0.12360002885497452,0.4776970456099033,0.0
-0.06619366498275539,0.0,0.9978067942824156,0.0,1.0,0.0,-0.9978067942824156,0.0,-0.06619366498275539,0.0710091081150971,-0.12651309107572759,0.47711742846745686,0.0
-0.0677333437226165,0.0,0.9977034600261512,0.0,1.0,0.0,-0.9977034600261512,0.0,-0.0677333437226165,0.07264458600708501,-0.12946027633502732,0.47652851194767293,0.0
-0.06929059231512061,0.0,0.9975965185467618,0.0,1.0,0.0,-0.9975965185467618,0.0,-0.06929059231512061,0.07429797472744042,-0.1324414071539678,0.47593024548517504,0.0
-0.07086530520368108,0.0,0.9974858938944395,0.0,1.0,0.0,-0.9974858938944395,0.0,-0.07086530520368108,0.07596913642720993,-0.13545629961022068,0.47532257952759155,0.0
-0.07245737322062952,0.0,0.9973715100532832,0.0,1.0,0.0,-0.9973715100532832,0.0,-0.07245737322062952,0.07765792932611645,-0.13850476340923343,0.47470546556971155,0.0
-0.07406668362266582,0.0,0.9972532909833589,0.0,1.0,0.0,-0.9972532909833589,0.0,-0.07406668362266582,0.07936420776398297,-0.14158660195542722,0.4740788561880545,0.0
-0.0756931201265535,0.0,0.9971311606631833,0.0,1.0,0.0,-0.9971311606631833,0.0,-0.0756931201265535,0.08108782225255241,-0.14470161242339502,0.47344270507582104,0.0
-0.07733656294506801,0.0,0.997005043132603,0.0,1.0,0.0,-0.997005043132603,0.0,-0.07733656294506801,0.08282861952770461,-0.14784958582909963,0.4727969670781953,0.0
-0.07899688882320566,0.0,0.9968748625360427,0.0,1.0,0.0,-0.9968748625360427,0.0,-0.07899688882320566,0.08458644260206974,-0.15103030710107165,0.4721415982279654,0.0
-0.08067397107466144,0.0,0.9967405431660963,0.0,1.0,0.0,-0.9967405431660963,0.0,-0.08067397107466144,0.08636113081803885,-0.1542435551516078,0.47147655578143144,0.0
-0.08236767961858203,0.0,0.9966020095074315,0.0,1.0,0.0,-0.9966020095074315,0.0,-0.08236767961858203,0.08815251990117011,-0.15748910294796847,0.47080179825456925,0.0
-0.08407788101660214,0.0,0.9964591862809826,0.0,1.0,0.0,-0.9964591862809826,0.0,-0.08407788101660214,0.08996044201399071,-0.16076671758357614,0.470117285459417,0.0
-0.08580443851017079,0.0,0.9963119984884024,0.0,1.0,0.0,-0.9963119984884024,0.0,-0.08580443851017079,0.0917847258101933,-0.1640761603492133,0.4694229785406532,0.0
-0.08754721205817385,0.0,0.9961603714567455,0.0,1.0,0.0,-0.9961603714567455,0.0,-0.08754721205817385,0.09362519648922499,-0.16741718680422046,0.4687188400123342,0.0
-0.08930605837485958,0.0,0.9960042308833563,0.0,1.0,0.0,-0.9960042308833563,0.0,-0.08930605837485958,0.09548167585126754,-0.1707895468476942,0.46800483379475794,0.0
-0.09108083096807346,0.0,0.9958435028809322,0.0,1.0,0.0,-0.9958435028809322,0.0,-0.09108083096807346,0.09735398235260752,-0.17419298478968534,0.467280925251423,0.0
-0.09287138017780748,0.0,0.9956781140227343,0.0,1.0,0.0,-0.9956781140227343,0.0,-0.09287138017780748,0.09924193116139199,-0.1776272394223967,0.4665470812260499,0.0
-0.09467755321507026,0.0,0.9955079913879182,0.0,1.0,0.0,-0.9955079913879182,0.0,-0.09467755321507026,0.10114533421376917,-0.1810920440913814,0.4658032700796315,0.0
-0.0964991942010826,0.0,0.9953330626069555,0.0,1.0,0.0,-0.9953330626069555,0.0,-0.0964991942010826,0.10306400027040985,-0.18458712676674077,0.4650494617274833,0.0
-0.09833614420680348,0.0,0.9951532559071185,0.0,1.0,0.0,-0.9951532559071185,0.0,-0.09833614420680348,0.10499773497340582,-0.18811221011432216,0.4642856276762575,0.0
-0.10018824129279182,0.0,0.9949685001579986,0.0,1.0,0.0,-0.9949685001579986,0.0,-0.10018824129279182,0.10694634090354288,-0.19166701156691782,0.4635117410608914,0.0
-0.10205532054940668,0.0,0.9947787249170329,0.0,1.0,0.0,-0.9947787249170329,0.0,-0.10205532054940668,0.10890961763794228,-0.1952512433954617,0.46272777668145787,0.0
-0.10393721413735173,0.0,0.994583860475006,0.0,1.0,0.0,-0.994583860475006,0.0,-0.10393721413735173,0.11088736180806807,-0.1988646127802285,0.4619337110398845,0.0
-0.10583375132856578,0.0,0.9943838379015033,0.0,1.0,0.0,-0.9943838379015033,0.0,-0.10583375132856578,0.11287936715809363,-0.20250682188203117,0.4611295223765112,0.0
-0.10774475854746401,0.0,0.9941785890902844,0.0,1.0,0.0,-0.9941785890902844,0.0,-0.10774475854746401,0.11488542460362358,-0.20617756791341926,0.4603151907064536,0.0
-0.10967005941253151,0.0,0.9939680468045499,0.0,1.0,0.0,-0.9939680468045499,0.0,-0.10967005941253151,0.11690532229076392,-0.2098765432098765,0.45949069785574126,0.0
-0.11160947477827253,0.0,0.9937521447220721,0.0,1.0,0.0,-0.9937521447220721,0.0,-0.11160947477827253,0.11893884565553581,-0.21360343530101963,0.4586560274971993,0.0
-0.1135628227775166,0.0,0.9935308174801637,0.0,1.0,0.0,-0.9935308174801637,0.0,-0.1135628227775166,0.12098577748362478,-0.21735792698179549,0.4578111651860425,0.0
-0.1155299188640842,0.0,0.9933040007204532,0.0,1.0,0.0,-0.9933040007204532,0.0,-0.1155299188640842,0.12304589797046045,-0.22113969638367986,0.4569560983951499,0.0
-0.11751057585581201,0.0,0.9930716311334422,0.0,1.0,0.0,-0.9930716311334422,0.0,-0.11751057585581201,0.12511898478161723,-0.22494841704587473,0.4560908165499913,0.0
-0.11950460397794008,0.0,0.9928336465028146,0.0,1.0,0.0,-0.9928336465028146,0.0,-0.11950460397794008,0.12720481311353068,-0.22878375798650735,0.455215311063173,0.0
-0.1215118109068596,0.0,0.9925899857494713,0.0,1.0,0.0,-0.9925899857494713,0.0,-0.1215118109068596,0.1293031557545193,-0.2326453837738272,0.45432957536857466,0.0
-0.12353200181422294,0.0,0.9923405889752624,0.0,1.0,0.0,-0.9923405889752624,0.0,-0.12353200181422294,0.1314137831461045,-0.2365329545974046,0.45343360495504603,0.0
-0.12556497941141478,0.0,0.9920853975063896,0.0,1.0,0.0,-0.9920853975063896,0.0,-0.12556497941141478,0.13353646344462003,-0.24044612633932883,0.45252739739963477,0.0
-0.1276105439943831,0.0,0.9918243539364506,0.0,1.0,0.0,-0.9918243539364506,0.0,-0.1276105439943831,0.13567096258310013,-0.2443845506454058,0.4516109524003155,0.0
-0.12966849348883006,0.0,0.9915574021691015,0.0,1.0,0.0,-0.9915574021691015,0.0,-0.12966849348883006,0.13781704433343858,-0.2483478749963563,0.45068427180819254,0.0
-0.13173862349575974,0.0,0.9912844874603065,0.0,1.0,0.0,-0.9912844874603065,0.0,-0.13173862349575974,0.13997447036880703,-0.2523357427790141,0.4497473596591466,0.0
-0.13382072733738154,0.0,0.9910055564601513,0.0,1.0,0.0,-0.9910055564601513,0.0,-0.13382072733738154,0.14214300032632302,-0.2563477933575238,0.44880022220489746,0.0
-0.13591459610336645,0.0,0.9907205572541931,0.0,1.0,0.0,-0.9907205572541931,0.0,-0.13591459610336645,0.14432239186995666,-0.2603836621445391,0.44784286794345607,0.0
-0.13802001869745298,0.0,0.9904294394043196,0.0,1.0,0.0,-0.9904294394043196,0.0,-0.13802001869745298,0.14651240075366395,-0.26444298067242067,0.44687530764893707,0.0
-0.1401367818843998,0.0,0.9901321539890946,0.0,1.0,0.0,-0.9901321539890946,0.0,-0.1401367818843998,0.1487127808847361,-0.2685253766644338,0.4458975544007062,0.0
-0.14226467033728116,0.0,0.989828653643561,0.0,1.0,0.0,-0.989828653643561,0.0,-0.14226467033728116,0.15092328438735286,-0.2726304741059476,0.44490962361183617,0.0
-0.1444034666851202,0.0,0.9895188925984786,0.0,1.0,0.0,-0.9895188925984786,0.0,-0.1444034666851202,0.15314366166632587,-0.27675789331563166,0.44391153305684355,0.0
-0.14655295156085674,0.0,0.9892028267189703,0.0,1.0,0.0,-0.9892028267189703,0.0,-0.14655295156085674,0.15537366147102125,-0.28090725101665515,0.442903302898683,0.0
-0.14871290364964274,0.0,0.9888804135425537,0.0,1.0,0.0,-0.9888804135425537,0.0,-0.14871290364964274,0.15761303095944681,-0.28507816040788403,0.4418849557149734,0.0
-0.1508830997374618,0.0,0.9885516123165321,0.0,1.0,0.0,-0.9885516123165321,0.0,-0.1508830997374618,0.15986151576249155,-0.28927023123508,0.4408565165234298,0.0
-0.15306331476006454,0.0,0.9882163840347221,0.0,1.0,0.0,-0.9882163840347221,0.0,-0.15306331476006454,0.16211886004830167,-0.2934830698620972,0.43981801280648003,0.0
-0.15525332185221596,0.0,0.9878746914734946,0.0,1.0,0.0,-0.9878746914734946,0.0,-0.15525332185221596,0.1643848065867822,-0.29771627934208206,0.43876947453503956,0.0
-0.15745289239724522,0.0,0.987526499227105,0.0,1.0,0.0,-0.987526499227105,0.0,-0.15745289239724522,0.16665909681420513,-0.3019694594886694,0.43771093419142443,0.0
-0.15966179607689324,0.0,0.9871717737422908,0.0,1.0,0.0,-0.9871717737422908,0.0,-0.15966179607689324,0.16894147089791406,-0.30624220694718224,0.43664242679137694,0.0
-0.16187980092144805,0.0,0.9868104833521137,0.0,1.0,0.0,-0.9868104833521137,0.0,-0.16187980092144805,0.17123166780110557,-0.3105341152658284,0.4355639899051854,0.0
-0.1641066733601618,0.0,0.9864425983090254,0.0,1.0,0.0,-0.9864425983090254,0.0,-0.1641066733601618,0.1735294253476758,-0.3148447749668994,0.43447566367787477,0.0
-0.1663421782719398,0.0,0.9860680908171333,0.0,1.0,0.0,-0.9860680908171333,0.0,-0.1663421782719398,0.17583448028711338,-0.3191737736179681,0.43337749084844757,0.0
-0.16858607903629305,0.0,0.9856869350636482,0.0,1.0,0.0,-0.9856869350636482,0.0,-0.16858607903629305,0.17814656835942433,-0.32352069590308713,0.43226951676815595,0.0
-0.1708381375845449,0.0,0.9852991072494911,0.0,1.0,0.0,-0.9852991072494911,0.0,-0.1708381375845449,0.18046542436007193,-0.32788512369398637,0.43115178941778526,0.0
-0.1730981144512827,0.0,0.9849045856190388,0.0,1.0,0.0,-0.9849045856190388,0.0,-0.1730981144512827,0.18279078220491465,-0.3322666361212717,0.4300243594239293,0.0
-0.17536576882604307,0.0,0.9845033504889918,0.0,1.0,0.0,-0.9845033504889918,0.0,-0.17536576882604307,0.18512237499512588,-0.33666480964562207,0.4288872800742414,0.0
-0.17764085860522272,0.0,0.984095384276341,0.0,1.0,0.0,-0.984095384276341,0.0,-0.17764085860522272,0.18745993508207764,-0.34107921812898817,0.42774060733164077,0.0
-0.17992314044420174,0.0,0.9836806715254174,0.0,1.0,0.0,-0.9836806715254174,0.0,-0.17992314044420174,0.1898031941321717,-0.345509432905791,0.42658439984745933,0.0
-0.18221236980966932,0.0,0.9832591989340066,0.0,1.0,0.0,-0.9832591989340066,0.0,-0.18221236980966932,0.19215188319159904,-0.34995502285411884,0.42541871897351335,0.0
-0.18450830103214025,0.0,0.9828309553785092,0.0,1.0,0.0,-0.9828309553785092,0.0,-0.18450830103214025,0.1945057327510108,-0.35441555446692546,0.4242436287730821,0.0
-0.18681068735865167,0.0,0.9823959319381306,0.0,1.0,0.0,-0.9823959319381306,0.0,-0.18681068735865167,0.19686447281008385,-0.3588905919232292,0.42305919603078024,0.0
-0.18911928100562497,0.0,0.9819541219180841,0.0,1.0,0.0,-0.9819541219180841,0.0,-0.18911928100562497,0.19922783294195923,-0.3633796971593094,0.42186549026130965,0.0
-0.19143383321188417,0.0,0.9815055208717903,0.0,1.0,0.0,-0.9815055208717903,0.0,-0.19143383321188417,0.20159554235753951,-0.36788242993990605,0.4206625837170767,0.0
-0.19375409429181448,0.0,0.9810501266220594,0.0,1.0,0.0,-0.9810501266220594,0.0,-0.19375409429181448,0.20396732996962239,-0.3723983479294163,0.41945055139466325,0.0
-0.19607981368865168,0.0,0.9805879392812373,0.0,1.0,0.0,-0.9805879392812373,0.0,-0.19607981368865168,0.20634292445685523,-0.37692700676309376,0.4182294710401368,0.0
-0.19841074002788556,0.0,0.9801189612703076,0.0,1.0,0.0,-0.9801189612703076,0.0,-0.19841074002788556,0.20872205432748972,-0.38146796011824624,0.41699942315319205,0.0
-0.20074662117076597,0.0,0.9796431973369288,0.0,1.0,0.0,-0.9796431973369288,0.0,-0.20074662117076597,0.21110444798291764,-0.3860207597854329,0.41576049099011,0.0
-0.20308720426789767,0.0,0.9791606545723992,0.0,1.0,0.0,-0.9791606545723992,0.0,-0.20308720426789767,0.21348983378097053,-0.39058495573966334,0.4145127605655262,0.0
-0.2054322358129089,0.0,0.978671342427533,0.0,1.0,0.0,-0.978671342427533,0.0,-0.2054322358129089,0.21587794009896194,-0.3951600962115954,0.4132563206529987,0.0
-0.20778146169618017,0.0,0.9781752727274385,0.0,1.0,0.0,-0.9781752727274385,0.0,-0.20778146169618017,0.21826849539645518,-0.3997457277587329,0.41199126278436676,0.0
-0.2101346272586186,0.0,0.9776724596851859,0.0,1.0,0.0,-0.9776724596851859,0.0,-0.2101346272586186,0.22066122827773524,-0.4043413953366236,0.4107176812478935,0.0
-0.21249147734546314,0.0,0.9771629199143521,0.0,1.0,0.0,-0.9771629199143521,0.0,-0.21249147734546314,0.22305586755396778,-0.40894664237005796,0.4094356730851833,0.0
-0.2148517563601058,0.0,0.9766466724404368,0.0,1.0,0.0,-0.9766466724404368,0.0,-0.2148517563601058,0.2254521423050246,-0.41356101082426616,0.40814533808687115,0.0
-0.21721520831791413,0.0,0.9761237387111356,0.0,1.0,0.0,-0.9761237387111356,0.0,-0.21721520831791413,0.2278497819409568,-0.4181840412761174,0.40684677878707387,0.0
-0.21958157690003843,0.0,0.9755941426054651,0.0,1.0,0.0,-0.9755941426054651,0.0,-0.21958157690003843,0.2302485162630958,-0.4228152729853163,0.4055401004566027,0.0
-0.2219506055071913,0.0,0.9750579104417292,0.0,1.0,0.0,-0.9750579104417292,0.0,-0.2219506055071913,0.23264807552476513,-0.4274542439656025,0.40422541109493004,0.0
-0.22432203731337996,0.0,0.9745150709843202,0.0,1.0,0.0,-0.9745150709843202,0.0,-0.22432203731337996,0.2350481904915804,-0.4321004910559475,0.4029028214209079,0.0
-0.22669561531958018,0.0,0.9739656554493474,0.0,1.0,0.0,-0.9739656554493474,0.0,-0.22669561531958018,0.23744859250132255,-0.4367535499917539,0.4015724448622354,0.0
-0.22907108240733187,0.0,0.9734096975090876,0.0,1.0,0.0,-0.9734096975090876,0.0,-0.22907108240733187,0.2398490135233613,-0.44141295547605197,0.4002343975436745,0.0
-0.23144818139224474,0.0,0.97284723329525,0.0,1.0,0.0,-0.97284723329525,0.0,-0.23144818139224474,0.2422491862176143,-0.4460782412506996,0.3988887982740095,0.0
-0.23382665507739367,0.0,0.9722783014010533,0.0,1.0,0.0,-0.9722783014010533,0.0,-0.23382665507739367,0.24464884399301787,-0.45074894016757805,0.39753576853175393,0.0
-0.23620624630659295,0.0,0.9717029428821079,0.0,1.0,0.0,-0.9717029428821079,0.0,-0.23620624630659295,0.24704772106549758,-0.4554245842597917,0.3961754324496014,0.0
-0.23858669801752896,0.0,0.9711212012561009,0.0,1.0,0.0,-0.9711212012561009,0.0,-0.23858669801752896,0.24944555251541373,-0.4601047048128656,0.3948079167976238,0.0
-0.24096775329473832,0.0,0.9705331225012808,0.0,1.0,0.0,-0.9705331225012808,0.0,-0.24096775329473832,0.2518420743444679,-0.46478883243594327,0.3934333509652167,0.0
-0.24334915542241423,0.0,0.9699387550537393,0.0,1.0,0.0,-0.9699387550537393,0.0,-0.24334915542241423,0.25423702353205097,-0.4694764971329853,0.39205186694179606,0.0
-0.24573064793702495,0.0,0.9693381498034883,0.0,1.0,0.0,-0.9693381498034883,0.0,-0.24573064793702495,0.256630138091014,-0.4741672283739662,0.390663599296248,0.0
-0.24811197467973023,0.0,0.9687313600893309,0.0,1.0,0.0,-0.9687313600893309,0.0,-0.24811197467973023,0.2590211571228469,-0.47886055516607384,0.3892686851551345,0.0
-0.25049287984857754,0.0,0.9681184416925266,0.0,1.0,0.0,-0.9681184416925266,0.0,-0.25049287984857754,0.2614098208722454,-0.48355600612490723,0.3878672641796626,0.0
-0.25287310805046354,0.0,0.9674994528292502,0.0,1.0,0.0,-0.9674994528292502,0.0,-0.25287310805046354,0.2637958707810491,-0.48825310954567325,0.38645947854141893,0.0
-0.25525240435284524,0.0,0.9668744541418455,0.0,1.0,0.0,-0.9668744541418455,0.0,-0.25525240435284524,0.2661790495415361,-0.49295139347438627,0.3850454728968767,0.0
-0.2576305143351856,0.0,0.9662435086888749,0.0,1.0,0.0,-0.9662435086888749,0.0,-0.2576305143351856,0.26855910114905635,-0.497650385779066,0.3836253943606813,0.0
-0.26000718414011553,0.0,0.9656066819339684,0.0,1.0,0.0,-0.9656066819339684,0.0,-0.26000718414011553,0.2709357709539863,-0.502349614220934,0.3821993924777233,0.0
-0.2623821605243008,0.0,0.9649640417334732,0.0,1.0,0.0,-0.9649640417334732,0.0,-0.2623821605243008,0.27330880571299165,-0.5070486065256135,0.38076761919400337,0.0
-0.2647551909089962,0.0,0.9643156583229068,0.0,1.0,0.0,-0.9643156583229068,0.0,-0.2647551909089962,0.27567795363958175,-0.5117468904543265,0.3793302288262994,0.0
-0.267126023430272,0.0,0.9636616043022207,0.0,1.0,0.0,-0.9636616043022207,0.0,-0.267126023430272,0.27804296445393983,-0.5164439938750929,0.377887378030646,0.0
-0.2694944069888973,0.0,0.9630019546198765,0.0,1.0,0.0,-0.9630019546198765,0.0,-0.2694944069888973,0.28040358943201404,-0.5211394448339258,0.3764392257696343,0.0
-0.27186009129987,0.0,0.9623367865557392,0.0,1.0,0.0,-0.9623367865557392,0.0,-0.27186009129987,0.282759581453859,-0.5258327716260334,0.3749859332785409,0.0
-0.2742228269415711,0.0,0.9616661797027974,0.0,1.0,0.0,-0.9616661797027974,0.0,-0.2742228269415711,0.2851106950512078,-0.5305235028670147,0.37352766403030196,0.0
-0.2765823654045354,0.0,0.960990215947713,0.0,1.0,0.0,-0.960990215947713,0.0,-0.2765823654045354,0.287456686454265,-0.5352111675640566,0.37206458369933837,0.0
-0.2789384591398239,0.0,0.9603089794502084,0.0,1.0,0.0,-0.9603089794502084,0.0,-0.2789384591398239,0.28979731363770866,-0.5398952951871345,0.37059686012424686,0.0
-0.2812908616069801,0.0,0.9596225566213014,0.0,1.0,0.0,-0.9596225566213014,0.0,-0.2812908616069801,0.29213233636588476,-0.5445754157402083,0.36912466326936916,0.0
-0.283639327321562,0.0,0.9589310361003922,0.0,1.0,0.0,-0.9589310361003922,0.0,-0.283639327321562,0.29446151623718625,-0.5492510598324221,0.3676481651852529,0.0
-0.285983611902232,0.0,0.9582345087312153,0.0,1.0,0.0,-0.9582345087312153,0.0,-0.285983611902232,0.29678461672760154,-0.5539217587493002,0.3661675399680172,0.0
-0.28832347211739545,0.0,0.9575330675366619,0.0,1.0,0.0,-0.9575330675366619,0.0,-0.28832347211739545,0.29910140323342493,-0.5585870445239478,0.36468296371763637,0.0
-0.2906586659313723,0.0,0.9568268076924867,0.0,1.0,0.0,-0.9568268076924867,0.0,-0.2906586659313723,0.30141164311311475,-0.563246450008246,0.3631946144951601,0.0
-0.29298895255009205,0.0,0.9561158264999068,0.0,1.0,0.0,-0.9561158264999068,0.0,-0.29298895255009205,0.30371510572829247,-0.5678995089440524,0.36170267227888053,0.0
-0.2953140924662986,0.0,0.9554002233571052,0.0,1.0,0.0,-0.9554002233571052,0.0,-0.2953140924662986,0.30601156248387246,-0.5725457560343978,0.3602073189194656,0.0
-0.29763384750425276,0.0,0.9546800997296504,0.0,1.0,0.0,-0.9546800997296504,0.0,-0.29763384750425276,0.30830078686731016,-0.5771847270146836,0.3587087380940741,0.0
-0.29994798086392505,0.0,0.9539555591198441,0.0,1.0,0.0,-0.9539555591198441,0.0,-0.29994798086392505,0.31058255448696775,-0.5818159587238826,0.35720711525946713,0.0
-0.3022562571646616,0.0,0.9532267070350106,0.0,1.0,0.0,-0.9532267070350106,0.0,-0.3022562571646616,0.31285664310958033,-0.5864389891757336,0.35570263760413756,0.0
-0.3045584424883193,0.0,0.9524936509547395,0.0,1.0,0.0,-0.9524936509547395,0.0,-0.3045584424883193,0.315122832696824,-0.591053357629942,0.3541954939994696,0.0
-0.3068543044218551,0.0,0.9517565002970978,0.0,1.0,0.0,-0.9517565002970978,0.0,-0.3068543044218551,0.31738090544097175,-0.5956586046633763,0.35268587494995157,0.0
-0.30914361209936375,0.0,0.9510153663838236,0.0,1.0,0.0,-0.9510153663838236,0.0,-0.30914361209936375,0.3196306457996388,-0.600254272241267,0.35117397254245664,0.0
-0.3114261362435519,0.0,0.9502703624045173,0.0,1.0,0.0,-0.9502703624045173,0.0,-0.3114261362435519,0.32187184052960505,-0.6048399037884047,0.3496599803946129,0.0
-0.3137016492066406,0.0,0.9495216033798461,0.0,1.0,0.0,-0.9495216033798461,0.0,-0.3137016492066406,0.3241042787197135,-0.6094150442603368,0.3481440936022805,0.0
-0.31596992501068993,0.0,0.9487692061237754,0.0,1.0,0.0,-0.9487692061237754,0.0,-0.31596992501068993,0.3263277518228416,-0.6139792402145672,0.34662650868615563,0.0
-0.31823073938733465,0.0,0.9480132892048456,0.0,1.0,0.0,-0.9480132892048456,0.0,-0.31823073938733465,0.32854205368693884,-0.6185320398817535,0.3451074235375226,0.0
-0.3204838698169264,0.0,0.9472539729065101,0.0,1.0,0.0,-0.9472539729065101,0.0,-0.3204838698169264,0.33074698058512997,-0.6230729932369061,0.3435870373631721,0.0
-0.32272909556707247,0.0,0.9464913791865509,0.0,1.0,0.0,-0.9464913791865509,0.0,-0.32272909556707247,0.3329423312448803,-0.6276016520705834,0.3420655506295084,0.0
-0.3249661977305702,0.0,0.9457256316355902,0.0,1.0,0.0,-0.9457256316355902,0.0,-0.3249661977305702,0.3351279068762256,-0.6321175700600941,0.3405431650058651,0.0
-0.3271949592627227,0.0,0.9449568554347152,0.0,1.0,0.0,-0.9449568554347152,0.0,-0.3271949592627227,0.337303511199057,-0.6366203028406905,0.33902008330705097,0.0
-0.3294151650180403,0.0,0.9441851773122354,0.0,1.0,0.0,-0.9441851773122354,0.0,-0.3294151650180403,0.33946895046947256,-0.6411094080767709,0.3374965094351471,0.0
-0.3316266017863145,0.0,0.9434107254995892,0.0,1.0,0.0,-0.9434107254995892,0.0,-0.3316266017863145,0.34162403350518505,-0.6455844455330746,0.33597264832057755,0.0
-0.33382905832806464,0.0,0.9426336296864215,0.0,1.0,0.0,-0.9426336296864215,0.0,-0.33382905832806464,0.3437685717099944,-0.6500449771458808,0.33444870586247616,0.0
-0.3360223254093543,0.0,0.9418540209748483,0.0,1.0,0.0,-0.9418540209748483,0.0,-0.3360223254093543,0.3459023790973243,-0.6544905670942087,0.3329248888683677,0.0
-0.3382061958359679,0.0,0.941072031832932,0.0,1.0,0.0,-0.941072031832932,0.0,-0.3382061958359679,0.3480252723128229,-0.6589207818710117,0.3314014049931936,0.0
-0.3403804644869534,0.0,0.9402877960473834,0.0,1.0,0.0,-0.9402877960473834,0.0,-0.3403804644869534,0.3501370706560362,-0.6633351903543782,0.32987846267769516,0.0
-0.34254492834752226,0.0,0.9395014486755148,0.0,1.0,0.0,-0.9395014486755148,0.0,-0.34254492834752226,0.3522375961011543,-0.6677333638787284,0.3283562710861856,0.0
-0.3446993865413083,0.0,0.93871312599646,0.0,1.0,0.0,-0.93871312599646,0.0,-0.3446993865413083,0.3543266733168353,-0.6721148763060134,0.3268350400437272,0.0
-0.34684364036198306,0.0,0.9379229654616883,0.0,1.0,0.0,-0.9379229654616883,0.0,-0.34684364036198306,0.3564041296851144,-0.676479304096913,0.32531497997274195,0.0
-0.34897749330422667,0.0,0.9371311056448284,0.0,1.0,0.0,-0.9371311056448284,0.0,-0.34897749330422667,0.3584697953194003,-0.6808262263820317,0.3237963018290755,0.0
-0.35110075109405753,0.0,0.9363376861908255,0.0,1.0,0.0,-0.9363376861908255,0.0,-0.35110075109405753,0.3605235030815716,-0.6851552250331008,0.32227921703753737,0.0
-0.353213221718515,0.0,0.9355428477644555,0.0,1.0,0.0,-0.9355428477644555,0.0,-0.353213221718515,0.3625650885981726,-0.6894658847341714,0.3207639374269452,0.0
