# Created by Octave 5.2.0, Mon Oct 16 17:20:55 2023 CST <wuguofan@wuguofan-ThinkPad-X1-Carbon-Gen-9>
# name: currState
# type: matrix
# rows: 12
# columns: 1
 1.0471975511965976
 -0.20000000000000001
 -0.20000000000000001
 0
 0
 0.20000000000000001
 -1.6000000000000001
 0.29999999999999999
 0
 0
 0
 0


# name: Tse0
# type: matrix
# rows: 4
# columns: 4
 0 0 1 0
 0 1 0 0
 -1 0 0 0.5
 0 0 0 1


# name: Tsc0
# type: matrix
# rows: 4
# columns: 4
 1 0 0 0.80000000000000004
 0 1 0 0.20000000000000001
 0 0 1 0.025000000000000001
 0 0 0 1


# name: TscG
# type: matrix
# rows: 4
# columns: 4
 0 1 0 0.5
 -1 0 0 -0.80000000000000004
 0 0 1 0.025000000000000001
 0 0 0 1


# name: TceG
# type: matrix
# rows: 4
# columns: 4
 -0.70710678118654746 0 0.70710678118654757 0
 0 1 0 0
 -0.70710678118654757 0 -0.70710678118654746 0
 0 0 0 1


# name: TceS
# type: matrix
# rows: 4
# columns: 4
 -0.70710678118654746 0 0.70710678118654757 0
 0 1 0 0
 -0.70710678118654757 0 -0.70710678118654746 0.20000000000000001
 0 0 0 1


# name: k
# type: scalar
1


# name: deltaT
# type: scalar
0.01


# name: gains
# type: scalar struct
# ndims: 2
 1 1
# length: 2
# name: Kp
# type: scalar
4


# name: Ki
# type: scalar
0.5




